y SNP1_0.165 SNP2_0.19 SNP3_0.205 SNP4_0.21 SNP5_0.175 SNP6_0.2 SNP7_0.2 SNP8_0.22 SNP9_0.23 SNP10_0.255
0 0 0 1 0 1 1 0 0 0 0
0 0 0 0 0 0 1 1 0 1 0
0 0 0 0 0 0 2 1 1 0 1
0 0 1 0 1 1 1 0 1 1 2
0 0 0 0 0 0 1 2 0 0 1
0 0 2 0 1 0 0 1 1 0 1
0 1 0 1 2 1 1 1 0 0 0
0 0 0 1 1 1 0 1 1 0 2
0 0 1 1 0 0 1 0 0 1 0
0 0 1 0 0 1 1 0 1 1 0
0 1 0 0 1 0 1 0 0 0 0
0 0 0 0 1 1 1 1 0 1 0
0 0 0 0 1 0 1 1 0 1 1
0 1 0 0 0 0 1 0 0 1 1
0 0 0 0 1 0 0 1 0 0 0
0 1 0 0 1 1 0 2 1 1 1
0 0 0 0 1 1 1 1 0 0 0
0 0 0 1 0 0 0 0 0 1 0
0 1 0 1 0 0 0 0 0 2 1
0 0 0 0 1 0 1 0 0 1 1
0 1 0 0 0 0 0 1 1 0 1
0 1 1 0 0 0 1 0 0 1 0
0 0 0 0 1 0 1 0 0 0 1
0 0 0 0 0 0 0 0 0 2 0
0 1 1 0 1 0 0 0 1 1 0
0 0 0 1 0 0 0 0 0 0 0
0 0 1 0 1 0 0 0 0 0 0
0 0 0 1 2 1 1 0 0 0 0
0 1 0 0 0 0 0 0 0 1 0
0 0 1 2 1 0 0 1 1 0 1
0 0 1 2 0 0 0 0 0 1 1
0 0 0 1 0 1 0 0 0 0 1
0 0 0 0 0 0 0 1 0 0 1
0 0 1 1 0 0 0 1 0 0 1
0 0 0 2 1 0 0 1 1 2 1
0 0 1 1 1 1 1 0 0 2 0
0 0 1 1 1 0 0 0 0 1 0
0 0 0 1 0 1 1 2 0 1 0
0 0 0 0 0 0 1 0 0 0 0
0 1 1 1 2 0 0 0 0 0 1
0 1 1 0 1 0 0 1 0 0 1
0 0 0 0 0 1 0 0 1 0 1
0 1 0 0 0 1 0 0 0 2 2
0 0 1 0 0 0 0 2 1 1 1
0 0 1 0 0 1 0 0 2 0 1
0 0 1 2 1 0 1 0 0 0 0
0 0 1 0 0 0 1 0 0 1 0
0 1 0 1 1 1 1 0 1 0 0
0 0 1 0 0 0 0 1 1 1 0
0 0 1 0 0 1 0 0 0 0 0
0 0 0 0 0 1 0 1 1 0 1
0 0 1 0 2 1 0 0 0 0 0
0 2 0 0 1 0 1 0 0 0 0
0 0 0 0 1 0 0 2 1 1 1
0 0 1 0 1 1 0 0 0 2 1
0 1 0 0 0 0 1 0 0 0 1
0 0 0 0 0 1 1 0 0 0 0
0 0 0 0 0 1 0 0 0 0 1
0 0 0 1 1 0 0 1 0 1 2
0 0 0 0 1 2 0 2 1 1 0
0 1 0 0 1 0 1 0 1 1 0
0 0 1 0 0 1 0 0 0 0 0
0 0 0 1 0 0 0 2 0 0 1
0 0 1 0 0 1 1 0 0 0 0
0 0 0 0 1 0 1 1 1 0 0
0 1 0 1 0 0 1 0 2 0 1
0 0 0 0 0 0 0 0 0 0 0
0 0 1 0 0 0 1 1 1 0 0
0 0 1 0 2 0 1 0 1 0 0
0 0 1 0 0 1 0 0 0 0 0
0 0 0 0 0 0 0 0 0 1 1
0 0 0 0 0 0 1 0 0 0 0
0 0 0 0 0 0 0 0 1 0 0
0 0 0 0 1 0 0 0 0 0 0
0 1 0 0 1 0 0 1 0 1 0
0 0 0 2 1 1 1 0 0 0 1
0 0 0 0 0 0 0 0 0 0 0
0 1 0 0 1 0 1 0 0 0 1
0 1 1 1 0 0 1 0 0 0 0
0 0 0 0 1 0 0 0 1 0 1
0 1 0 1 0 0 1 0 0 1 0
0 1 1 0 1 0 2 0 0 0 0
0 0 0 0 0 0 1 0 0 1 0
0 0 0 1 0 1 0 0 0 0 2
0 1 1 0 0 1 0 1 0 1 0
0 1 0 0 1 0 0 1 1 1 0
0 0 0 0 2 0 1 1 0 1 0
0 0 1 0 0 0 0 0 0 0 0
0 0 0 0 0 0 1 1 1 0 0
0 0 0 2 0 0 0 0 0 0 1
0 0 0 1 0 0 0 0 0 2 1
0 1 0 0 1 1 0 0 0 1 0
0 0 0 1 0 0 1 1 0 2 0
0 1 0 1 0 0 0 0 0 1 1
0 1 0 0 0 1 0 0 1 1 0
0 1 1 1 1 1 0 1 0 0 0
0 0 0 1 1 1 0 0 1 1 0
0 2 0 0 0 0 1 0 2 1 1
0 0 0 0 0 0 1 0 1 1 0
0 1 1 1 0 0 1 0 1 0 1
0 1 0 0 0 0 0 0 1 0 0
0 1 1 1 1 2 0 1 1 0 0
0 1 0 0 1 0 2 0 0 1 1
0 0 1 1 0 0 1 0 1 0 1
0 0 0 1 1 1 0 0 1 0 1
0 1 1 1 0 0 0 0 1 1 0
0 0 1 0 2 0 1 2 0 0 0
0 1 0 0 0 0 0 1 0 0 1
0 0 1 2 1 0 0 0 1 1 0
0 0 0 1 0 0 1 1 1 2 0
0 0 1 0 1 0 0 1 1 0 0
0 0 0 0 2 0 0 0 2 0 0
0 0 0 2 2 0 1 0 0 1 0
0 0 0 0 0 0 1 1 2 1 0
0 2 1 1 0 0 0 0 0 0 0
0 1 0 0 1 1 1 1 1 0 0
0 0 1 2 0 0 0 0 0 0 0
0 0 0 0 0 0 0 0 0 1 0
0 1 0 1 2 0 0 1 0 0 1
0 0 1 0 1 0 1 0 0 0 0
0 0 1 0 0 0 0 1 1 1 0
0 1 2 0 1 0 0 0 0 1 1
0 0 0 1 1 0 0 0 0 0 0
0 1 1 1 0 0 0 0 1 0 1
0 1 0 0 0 1 0 1 0 0 1
0 0 0 1 1 0 1 1 0 0 1
0 1 1 0 1 0 0 1 0 0 1
0 0 1 0 0 1 1 0 0 0 0
0 1 0 0 0 1 1 2 0 0 0
0 1 0 0 1 0 2 0 0 1 1
0 0 0 0 0 0 0 1 0 1 0
0 0 0 0 0 1 1 0 0 0 0
0 1 0 1 0 0 0 1 1 0 0
0 0 1 0 0 0 0 1 1 0 0
0 0 0 1 1 1 2 0 0 1 0
0 1 1 0 1 1 0 1 0 0 1
0 0 1 0 1 1 2 1 0 2 0
0 0 0 0 1 1 0 1 0 0 0
0 1 1 0 1 1 0 0 0 2 0
0 0 0 0 0 1 1 1 1 1 0
0 0 1 0 2 0 1 1 0 0 1
0 0 0 1 0 1 0 0 0 1 0
0 1 0 0 1 2 1 0 0 1 1
0 0 0 0 0 0 0 0 0 2 1
0 0 0 0 0 1 1 1 1 0 1
0 0 0 2 2 0 0 2 0 0 1
0 0 0 0 1 0 0 1 1 1 1
0 1 1 2 0 0 1 1 1 0 0
0 0 0 0 0 1 0 0 0 2 0
0 1 0 0 0 0 0 0 0 1 1
0 1 0 0 1 1 0 1 0 1 0
0 1 0 0 0 1 0 1 0 0 0
0 1 0 1 0 0 0 0 1 1 1
0 0 1 0 0 0 0 0 0 0 1
0 0 0 1 0 0 0 1 0 1 1
0 1 0 0 1 0 0 0 2 2 0
0 1 0 1 0 0 0 0 0 0 0
0 0 0 1 1 0 0 0 0 1 0
0 0 0 1 0 1 1 0 1 1 0
0 0 1 0 0 0 0 0 0 0 1
0 0 0 0 0 0 0 0 2 1 0
0 0 0 0 0 0 1 0 0 0 0
0 1 1 1 1 1 0 0 0 1 0
0 0 0 0 0 0 0 0 0 1 1
0 1 1 0 1 0 0 0 1 0 0
0 0 1 0 1 0 1 0 0 1 1
0 0 0 0 0 0 1 2 0 0 0
0 1 0 0 0 0 0 0 1 0 0
0 1 1 1 1 0 1 0 0 1 0
0 0 0 0 0 0 1 0 1 0 1
0 0 2 0 1 0 1 0 0 0 0
0 1 0 1 0 0 1 1 1 2 0
0 0 0 0 2 1 0 0 0 0 0
0 0 0 0 0 0 0 0 0 1 0
0 0 0 2 0 0 0 0 0 1 0
0 1 1 1 1 0 1 1 0 1 1
0 0 1 1 2 1 1 0 1 1 2
0 0 1 1 1 0 0 0 1 0 2
0 0 0 1 0 0 1 0 0 1 1
0 1 0 0 1 0 1 0 0 0 1
0 0 1 0 0 0 0 0 1 1 1
0 0 1 0 0 0 2 0 0 1 1
0 0 0 0 0 0 1 0 0 1 0
0 0 1 0 1 0 0 0 0 0 0
0 1 0 2 0 0 2 1 0 0 1
0 0 2 0 0 0 0 1 0 0 0
0 0 0 0 0 1 0 1 2 1 0
0 1 1 1 0 1 1 1 0 0 1
0 0 1 0 1 0 0 2 0 0 0
0 1 0 0 1 0 0 0 1 1 2
0 0 1 1 1 0 0 1 0 0 0
0 0 0 1 0 1 0 1 1 0 1
0 0 0 1 0 0 1 1 1 1 1
0 1 0 0 0 0 0 0 1 0 1
0 1 1 0 0 0 1 0 2 0 0
0 0 2 0 0 1 1 0 1 0 1
0 0 1 0 0 1 1 1 0 1 1
0 0 0 2 0 1 0 1 0 0 0
0 0 1 1 1 0 1 0 0 0 0
0 1 0 0 0 0 0 0 0 1 1
0 0 0 1 0 0 1 0 1 2 1
0 0 0 0 0 0 1 0 1 1 1
0 1 1 0 1 1 0 1 0 0 1
0 0 1 1 0 0 1 0 0 1 0
0 0 0 1 1 1 1 0 0 0 0
0 1 0 1 0 0 0 0 1 1 1
0 0 0 0 0 0 0 0 0 0 0
0 0 0 1 0 0 1 1 0 1 1
0 0 1 0 0 0 1 0 0 0 0
0 2 0 0 0 0 0 0 1 0 0
0 1 0 2 1 0 0 1 1 0 1
0 0 0 0 0 1 0 1 0 0 0
0 0 0 0 0 0 0 0 0 1 0
0 1 0 1 1 0 0 0 0 0 2
0 0 1 0 0 0 1 0 0 0 0
0 0 1 0 1 1 0 0 1 0 1
0 0 0 1 0 0 0 0 2 0 0
0 1 0 0 0 0 0 1 0 0 0
0 0 0 0 0 1 1 1 2 1 0
0 1 1 1 2 0 1 0 0 0 0
0 0 0 2 0 1 0 1 0 1 1
0 0 0 0 0 0 1 0 0 0 0
0 1 0 0 0 0 0 0 0 0 0
0 0 0 0 1 0 0 0 0 0 0
0 1 0 2 0 1 0 0 0 1 1
0 0 0 0 0 1 0 1 1 0 0
0 0 0 0 0 1 0 0 1 0 1
0 1 1 1 0 0 1 0 0 1 1
0 0 0 0 0 1 0 0 1 0 0
0 0 0 0 0 0 2 1 1 1 1
0 0 1 0 1 2 0 1 0 0 0
0 0 1 0 1 0 0 1 0 0 1
0 1 1 0 0 0 1 1 1 0 1
0 0 0 1 1 0 0 1 0 0 0
0 1 1 0 0 1 0 0 1 1 1
0 1 0 1 0 0 0 0 0 1 0
0 0 1 2 0 1 0 0 1 0 1
0 0 0 0 1 0 0 2 0 2 1
0 1 0 0 0 0 1 0 0 0 0
0 0 1 1 1 0 1 1 1 1 0
0 0 1 0 0 1 1 1 1 0 0
0 0 1 0 1 0 1 1 0 1 1
0 0 1 0 1 0 0 0 1 0 0
0 0 0 1 0 1 0 0 1 0 0
0 0 0 0 0 1 0 0 0 0 0
0 1 0 0 0 2 0 0 1 1 0
0 2 0 0 0 0 0 0 0 0 1
0 0 1 0 2 0 0 1 0 0 1
0 0 0 0 1 1 0 0 0 0 0
0 0 0 0 1 0 2 2 0 0 0
0 0 0 0 1 2 0 1 1 0 0
0 0 0 1 2 0 0 0 1 0 0
0 1 0 1 1 1 0 0 0 1 0
0 0 0 1 0 0 0 1 0 1 2
0 0 1 0 0 0 2 0 1 0 0
0 1 0 0 1 0 1 1 0 0 1
0 2 1 1 0 0 0 0 0 0 0
0 0 0 0 2 0 0 0 0 1 1
0 0 0 0 0 0 0 0 1 0 0
0 0 0 2 1 0 1 1 0 0 0
0 0 0 0 1 0 2 0 1 0 0
0 0 0 0 0 0 1 0 1 0 2
0 0 1 0 0 1 1 0 0 0 1
0 0 1 0 0 0 1 1 0 0 1
0 0 0 0 0 0 0 1 0 0 0
0 0 0 1 1 0 0 0 2 1 1
0 0 1 1 0 0 1 0 1 1 1
0 0 1 0 1 0 0 0 1 1 1
0 1 0 0 0 1 0 1 0 0 0
0 0 1 0 0 0 0 2 0 0 0
0 0 0 1 0 0 1 1 0 0 0
0 0 1 0 0 0 0 0 1 0 0
0 0 1 0 0 0 1 0 0 1 1
0 1 0 0 1 1 1 1 0 1 1
0 0 0 1 0 1 1 1 0 1 0
0 0 0 0 0 0 0 0 0 0 0
0 0 0 1 0 0 2 0 2 1 2
0 0 0 1 0 0 1 0 1 0 1
0 0 1 1 1 1 1 1 0 0 0
0 1 0 1 0 1 0 0 1 1 0
0 0 1 0 0 0 1 0 1 0 1
0 0 0 0 0 0 0 2 0 0 0
0 0 1 0 1 0 1 0 1 0 1
0 1 0 0 0 0 0 0 0 0 1
0 1 1 0 1 0 0 0 1 0 0
0 0 1 1 0 1 0 0 1 0 1
0 0 1 0 0 0 1 0 1 0 1
0 0 0 0 0 0 0 1 1 0 0
0 0 0 0 0 0 1 0 1 1 2
0 1 1 0 0 0 0 0 2 1 1
0 0 0 1 0 0 0 0 2 0 0
0 0 1 0 0 1 0 0 0 1 0
0 0 0 1 0 1 0 1 1 1 0
0 0 2 0 1 1 1 0 0 0 1
0 0 0 1 0 1 0 1 0 0 0
0 0 2 0 1 0 1 0 1 0 2
0 0 0 0 0 1 0 0 0 1 1
0 0 0 0 0 1 0 1 0 2 0
0 1 1 0 0 0 0 0 1 0 1
0 0 1 0 0 1 0 0 0 1 0
0 0 0 0 0 0 0 0 0 1 2
0 0 1 0 0 0 1 0 0 0 0
0 0 0 0 1 1 1 0 0 0 1
0 0 0 0 0 0 0 0 0 0 1
0 0 1 2 0 0 0 0 0 1 0
0 0 1 0 1 0 1 0 0 0 1
0 0 2 1 0 1 0 0 1 0 1
0 0 0 0 0 1 2 0 0 0 0
0 0 0 0 2 1 0 1 0 0 1
0 1 0 0 1 0 0 1 1 0 0
0 1 0 0 0 0 0 1 0 1 0
0 1 0 0 0 1 0 0 0 0 1
0 1 0 1 1 1 0 0 0 0 1
0 0 1 0 0 0 1 1 0 1 0
0 0 0 0 0 0 1 0 0 0 0
0 1 1 0 0 0 1 0 1 1 0
0 1 0 0 0 0 0 1 0 0 2
0 0 0 1 0 0 1 1 1 0 0
0 0 0 0 0 1 1 0 0 0 0
0 0 0 0 1 0 1 0 0 1 1
0 0 0 1 0 0 1 0 0 1 0
0 0 0 0 0 0 0 1 0 0 0
0 0 0 2 0 0 0 1 1 0 0
0 1 0 1 2 1 0 1 0 0 1
0 0 0 0 0 1 1 1 0 1 1
0 0 1 2 1 0 0 0 1 0 0
0 0 1 0 0 0 0 0 0 0 1
0 0 0 0 0 0 1 0 0 1 0
0 0 0 0 1 0 0 0 0 0 0
0 0 1 1 0 0 0 0 0 1 0
0 0 0 0 1 0 0 1 1 0 0
0 0 2 1 0 0 1 0 0 0 1
0 1 1 0 1 1 0 0 0 0 1
0 0 1 1 0 0 0 0 0 0 0
0 0 0 0 0 0 1 0 0 0 0
0 1 1 0 1 0 0 0 0 0 0
0 0 0 0 0 0 1 0 0 0 0
0 0 1 0 0 0 0 0 0 0 0
0 0 0 0 0 0 1 1 0 1 2
0 0 0 0 1 0 1 0 1 1 0
0 0 0 0 0 0 0 1 0 1 0
0 0 0 1 0 0 1 0 0 0 1
0 0 0 1 0 0 1 0 1 2 1
0 1 2 1 2 1 0 0 1 0 1
0 1 0 1 0 0 0 0 1 0 0
0 0 0 0 0 1 1 0 1 0 1
0 0 1 0 1 0 0 0 1 0 1
0 0 0 1 1 1 0 0 0 0 0
0 0 0 1 1 0 0 0 1 1 1
0 0 2 0 0 0 0 0 0 1 0
0 0 0 0 0 0 0 0 0 1 1
0 1 0 0 0 0 0 0 1 0 0
0 0 1 1 0 0 1 1 2 1 2
0 1 0 1 1 1 0 0 1 1 0
0 0 1 0 0 0 1 1 0 1 0
0 0 0 1 1 1 2 0 0 2 1
0 1 0 0 1 0 0 1 1 0 0
0 0 1 0 1 2 0 0 1 0 1
0 0 0 0 0 1 0 1 0 1 0
0 0 0 0 1 1 0 1 0 1 1
0 0 0 0 0 1 0 0 0 0 0
0 0 0 0 1 0 0 2 1 1 0
0 0 1 0 0 1 1 0 0 0 1
0 0 2 1 1 0 1 0 0 1 0
0 0 0 0 2 0 0 0 0 0 0
0 0 0 1 0 0 1 1 0 0 0
0 0 0 0 0 0 0 0 0 0 1
0 1 0 0 0 1 0 0 0 1 1
0 0 0 0 1 0 0 1 0 0 1
0 1 0 0 0 0 0 0 0 0 1
0 1 1 0 0 1 1 0 0 2 0
0 0 0 1 0 0 1 1 0 0 2
0 0 1 0 0 0 1 1 1 2 0
0 1 1 0 1 0 0 0 0 0 1
0 1 0 1 1 1 0 0 0 0 2
0 0 0 1 2 0 1 1 1 1 0
0 0 0 1 0 0 1 1 1 0 1
0 0 0 0 0 0 0 0 0 0 1
0 0 0 0 1 1 0 0 0 0 1
0 0 1 1 0 0 0 0 0 0 0
0 0 1 0 1 0 1 0 0 2 0
0 1 0 0 2 0 0 0 1 0 1
0 0 1 1 0 0 0 1 1 0 0
0 0 1 0 1 1 0 0 0 0 2
0 0 0 1 0 0 0 1 0 0 0
0 1 1 1 0 0 0 0 1 0 1
0 0 0 0 0 0 0 0 1 0 1
0 0 1 1 0 0 0 1 1 0 1
0 0 0 1 0 2 1 0 0 2 2
0 0 1 0 0 1 1 0 0 0 1
0 0 0 0 1 0 0 0 0 1 1
0 1 0 0 0 0 0 1 0 0 0
0 1 0 0 0 1 1 0 1 1 1
0 1 0 0 1 0 1 0 0 0 0
0 0 0 0 0 0 0 0 1 2 1
0 0 1 0 0 0 0 0 0 0 0
0 1 1 0 0 1 0 0 0 2 0
0 0 1 0 0 0 1 0 0 0 0
0 0 0 1 0 0 0 2 0 1 0
0 0 1 0 0 0 0 0 0 1 1
0 0 0 0 2 0 0 1 0 1 0
0 0 0 1 1 1 1 0 0 0 1
0 1 0 0 0 0 0 1 0 1 0
0 0 0 0 1 1 1 0 0 0 2
0 0 0 0 0 1 0 0 0 1 0
0 0 0 0 0 0 1 2 0 0 0
0 1 0 0 0 1 2 0 0 1 0
0 0 0 1 0 0 1 1 1 0 0
0 0 0 1 1 0 0 0 1 0 0
0 0 0 0 1 0 0 2 0 0 1
0 0 0 0 0 0 0 0 1 0 0
0 0 0 0 0 0 0 1 2 0 1
0 0 0 1 0 1 0 0 1 1 1
0 1 2 0 0 1 0 1 0 0 1
0 0 1 2 1 1 1 1 0 0 0
0 2 1 2 0 0 0 1 1 0 0
0 0 0 0 0 0 0 2 0 0 0
0 1 0 0 0 0 1 0 1 1 0
0 1 0 0 1 1 1 1 0 1 0
0 0 0 0 1 0 1 0 0 0 0
0 0 0 0 0 0 0 0 0 0 1
0 0 1 1 1 1 0 1 0 1 0
0 1 0 1 0 1 1 0 0 0 0
0 1 0 0 1 0 0 1 1 0 0
0 0 0 0 1 0 0 1 0 1 1
0 0 0 1 1 0 0 0 0 0 1
0 0 1 1 0 0 1 0 0 0 2
0 0 0 0 0 1 1 1 1 0 0
0 0 0 0 1 1 1 1 1 1 1
0 0 1 1 1 1 0 1 0 0 0
0 0 0 1 1 0 0 1 2 0 0
0 0 1 0 1 1 2 1 1 0 1
0 0 1 0 0 0 1 0 0 1 0
0 1 0 0 0 1 0 1 0 0 2
0 1 0 0 2 1 1 1 0 0 0
0 1 0 0 1 0 1 0 0 1 0
0 0 1 1 1 0 0 1 1 0 1
0 0 0 1 2 0 1 0 0 2 0
0 0 1 1 1 0 1 1 0 1 0
0 0 0 0 0 0 0 0 0 1 2
0 0 0 1 0 0 1 0 1 1 0
0 1 0 2 0 1 1 0 0 1 0
0 1 0 0 1 0 0 1 0 0 0
0 0 1 0 0 0 0 2 1 1 0
0 0 1 0 0 0 1 1 1 0 0
0 0 0 0 1 0 0 0 0 0 1
0 0 0 2 0 0 0 0 1 1 0
0 1 0 0 0 1 1 0 1 0 1
0 1 1 0 0 0 0 0 1 0 0
0 1 0 0 1 0 1 0 0 1 0
0 0 0 1 1 1 0 1 1 0 1
0 0 0 0 0 0 1 0 0 0 0
0 0 1 1 0 0 0 0 0 0 0
0 0 1 0 0 0 0 0 1 0 0
0 0 0 0 1 0 0 0 0 0 1
0 0 1 0 1 1 0 0 1 0 0
0 1 1 0 1 0 0 0 0 0 1
0 1 0 0 1 0 0 0 0 0 0
0 1 1 0 0 0 0 1 1 0 2
0 0 1 0 1 0 1 0 2 0 0
0 2 0 0 0 1 1 0 0 1 0
0 0 1 1 0 1 2 1 1 0 0
0 0 0 1 2 0 0 0 2 0 0
0 1 2 1 1 0 1 1 0 0 0
0 0 0 0 0 0 0 0 0 1 0
0 0 1 0 0 0 0 1 0 1 1
0 0 0 0 0 1 0 0 0 2 0
0 0 0 0 1 1 1 0 0 0 0
0 0 0 0 0 2 0 0 1 2 0
0 0 1 1 0 1 0 0 0 1 0
0 0 1 0 1 1 0 0 0 0 2
0 0 0 1 2 0 0 0 0 1 0
0 1 0 0 0 0 1 0 1 0 0
0 0 0 1 0 1 0 0 0 0 1
0 0 1 0 1 0 0 1 0 0 1
0 0 1 0 1 0 0 1 1 0 0
0 1 1 0 0 0 1 0 0 0 0
0 0 0 0 2 1 0 0 0 1 1
0 0 1 0 0 1 0 0 0 1 2
0 0 0 1 1 0 1 0 1 0 2
0 0 0 2 1 0 0 0 0 0 2
0 0 1 1 0 0 1 0 0 0 0
0 0 1 0 0 0 0 0 2 1 0
0 0 1 0 1 0 0 0 0 0 1
0 0 0 1 0 0 0 1 0 0 0
0 1 1 0 0 0 0 1 0 2 0
0 0 0 0 0 1 0 0 1 0 0
0 0 0 1 0 1 0 1 2 1 0
0 1 0 0 0 0 0 0 1 1 0
0 0 0 0 0 1 0 0 0 1 0
0 0 0 0 0 0 0 1 0 0 1
0 1 1 0 0 0 0 0 0 1 0
0 0 0 1 0 0 1 1 0 0 0
0 0 1 1 1 0 0 0 1 0 1
0 1 0 0 1 1 1 0 0 1 0
0 0 0 0 0 1 0 1 2 2 0
0 0 0 1 1 0 0 1 2 0 0
0 0 0 0 2 0 0 0 0 1 0
0 0 0 1 1 1 1 0 0 0 1
0 0 0 0 1 0 1 0 0 1 0
0 1 0 0 0 0 1 0 1 0 1
0 0 0 2 1 1 2 0 1 0 2
0 0 1 0 1 0 0 0 0 1 0
0 0 0 0 1 0 1 0 1 1 0
0 0 0 0 0 1 2 1 0 1 0
0 1 0 1 0 0 0 1 0 1 2
0 0 0 1 0 1 1 1 1 1 2
0 0 0 0 0 0 0 0 2 2 0
0 1 1 0 0 1 0 0 0 0 0
0 0 1 0 0 1 0 0 0 0 0
0 2 0 0 0 0 0 1 0 0 1
0 0 0 1 0 0 1 0 0 2 1
0 0 0 0 1 0 0 0 1 1 1
0 0 0 0 0 0 0 0 1 1 0
0 0 0 2 1 0 0 1 0 0 1
0 0 0 2 1 0 0 0 1 0 0
0 0 1 2 0 1 0 0 0 0 1
0 0 1 0 0 0 1 0 1 0 0
0 0 0 0 0 0 0 1 0 0 1
0 1 0 0 1 0 1 0 0 1 0
0 1 0 1 1 0 1 0 0 0 0
0 0 0 0 0 0 1 0 0 0 0
0 0 1 0 0 0 0 0 1 0 1
0 0 0 1 0 2 1 0 1 0 0
0 1 0 0 0 0 0 1 0 1 0
0 0 0 0 0 0 0 0 0 0 0
0 1 0 2 0 1 0 1 0 1 0
0 2 0 0 0 0 0 1 0 2 0
0 0 0 0 0 0 1 0 0 0 0
0 0 0 1 0 0 0 0 0 0 0
0 2 1 0 0 0 1 1 0 1 0
0 0 0 0 1 0 1 0 1 0 1
0 0 0 0 0 1 1 0 0 1 0
0 0 1 0 0 0 0 1 0 0 0
0 1 0 0 0 0 0 0 1 1 1
0 1 0 0 0 0 0 0 1 0 0
0 0 0 0 0 2 0 0 1 0 1
0 0 0 0 0 1 0 0 0 1 0
0 0 0 0 1 0 0 1 1 0 1
0 0 1 1 1 0 1 1 1 0 0
0 0 0 0 0 1 0 0 1 0 0
0 0 0 1 0 1 0 0 0 1 1
0 1 0 1 0 1 1 0 0 0 0
0 0 0 0 0 0 1 0 1 1 1
0 0 0 1 0 0 2 1 0 0 1
0 0 0 1 1 1 1 0 0 0 0
0 0 2 0 0 0 1 0 0 2 0
0 0 1 0 0 0 0 0 0 1 0
0 0 0 1 1 0 0 1 0 1 0
0 0 1 1 0 1 0 0 0 2 0
0 1 1 1 0 1 0 1 0 1 1
0 0 1 1 0 1 0 1 1 1 1
0 0 0 1 0 0 0 0 0 1 1
0 1 1 0 1 0 0 0 1 0 1
0 0 1 0 0 0 1 1 1 1 1
0 0 0 1 0 1 1 0 0 0 1
0 0 0 0 1 1 1 0 1 0 1
0 0 1 0 0 0 0 0 0 0 0
0 2 0 0 0 0 0 1 0 1 0
0 0 2 0 2 0 1 1 0 1 0
0 0 0 0 1 1 0 0 0 0 0
0 1 1 0 1 0 1 0 2 0 0
0 0 0 1 2 0 1 0 1 0 0
0 0 0 1 0 0 1 0 1 2 2
0 0 0 1 1 0 0 0 1 2 0
0 0 0 0 1 0 1 0 0 0 0
0 0 0 0 0 2 0 0 0 0 0
0 0 0 0 0 0 0 1 0 1 0
0 1 0 0 0 0 0 0 1 0 1
0 1 0 1 0 1 1 0 0 1 1
0 0 1 0 1 0 2 0 0 1 1
0 0 2 0 2 0 1 1 1 0 0
0 0 1 0 0 0 0 1 0 0 0
0 0 1 0 0 0 1 0 1 0 1
0 0 0 0 0 0 2 0 0 0 1
0 0 0 0 0 0 0 1 0 0 1
0 0 0 1 0 1 0 0 1 0 0
0 1 0 0 0 0 0 0 0 1 1
0 0 0 0 0 0 0 2 1 1 2
0 0 0 1 1 0 0 0 1 0 1
0 0 0 0 0 1 0 1 2 0 0
0 0 0 0 1 0 1 0 1 1 1
0 1 0 0 0 0 0 0 0 1 0
0 0 0 1 1 0 1 0 0 0 0
0 0 0 1 0 0 0 0 0 1 1
0 1 1 0 1 0 1 0 0 0 1
0 0 0 0 1 2 1 0 0 1 1
0 0 0 0 0 0 0 0 1 1 1
0 1 1 1 0 0 1 1 1 0 0
0 0 0 0 0 0 0 1 0 0 1
0 1 0 0 1 0 0 2 1 0 0
0 0 0 0 1 0 1 1 0 0 0
0 0 0 1 0 1 2 0 0 0 0
0 0 0 0 1 0 1 2 0 1 2
0 0 0 1 0 1 1 0 1 1 0
0 0 0 0 0 1 0 0 2 0 0
0 0 0 0 0 1 0 2 0 0 0
0 0 0 0 1 1 1 1 0 1 2
0 0 0 2 1 0 0 1 1 0 1
0 1 1 0 0 0 0 0 0 0 0
0 0 1 0 1 0 1 0 0 0 0
0 1 1 0 0 1 1 0 0 0 0
0 0 1 1 1 1 0 0 0 0 0
0 0 0 0 1 0 0 1 1 2 1
0 1 0 1 0 0 1 0 0 0 0
0 0 2 0 1 0 1 0 0 2 0
0 0 1 0 1 1 1 1 0 0 0
0 0 1 0 0 1 0 0 0 0 0
0 0 0 0 0 1 0 0 0 0 0
0 0 0 0 2 0 0 0 0 0 0
0 0 0 0 0 0 0 1 0 0 0
0 1 0 1 0 0 0 1 1 0 2
0 0 0 0 0 1 1 0 0 1 0
0 0 0 0 0 0 0 0 1 0 0
0 1 1 0 0 0 0 0 1 1 1
0 1 0 0 1 0 1 0 0 2 1
0 0 0 0 0 1 2 0 0 0 0
0 0 0 0 0 0 0 1 0 0 1
0 0 2 0 1 0 1 0 1 1 0
0 1 1 1 0 1 0 0 0 1 0
0 1 0 0 1 0 0 1 0 1 1
0 0 0 1 0 0 0 0 0 0 1
0 1 0 0 1 0 0 0 1 0 1
0 0 0 1 1 1 1 1 0 1 1
0 1 0 0 0 1 1 0 1 0 1
0 1 0 0 0 0 0 0 0 0 1
0 0 0 0 1 0 0 0 2 1 1
0 2 1 1 0 0 0 1 0 1 1
0 2 0 0 1 1 1 0 0 1 1
0 0 1 0 1 1 0 1 0 0 1
0 0 0 0 0 0 1 2 0 1 0
0 0 0 0 1 0 0 2 0 0 0
0 0 0 0 0 0 1 0 0 0 1
0 1 1 1 0 0 0 0 1 1 0
0 1 0 1 1 0 1 0 1 1 0
0 0 0 1 1 0 1 0 0 0 1
0 0 1 1 1 0 2 1 1 1 2
0 1 0 0 1 0 0 0 0 0 0
0 0 0 0 0 1 0 0 0 0 0
0 0 0 0 0 0 1 0 0 0 1
0 0 0 0 1 0 1 1 0 0 0
0 1 1 0 1 0 0 1 1 0 2
0 0 0 1 0 0 1 1 0 1 1
0 1 0 1 0 0 1 0 0 1 1
0 0 1 1 0 0 1 1 2 0 0
0 0 0 0 0 0 0 0 0 1 1
0 0 0 0 1 0 2 1 0 0 1
0 0 0 0 1 0 0 0 0 1 1
0 0 0 0 0 0 1 1 0 1 0
0 0 0 0 1 0 0 0 1 1 1
0 0 0 0 0 0 0 2 0 0 0
0 0 0 0 0 0 0 1 2 0 0
0 0 1 1 0 0 1 1 0 2 0
0 0 0 1 0 0 2 0 0 0 1
0 0 1 0 0 1 0 0 0 0 1
0 0 1 1 0 0 1 0 1 1 0
0 0 0 1 1 1 0 1 0 1 1
0 0 0 0 0 0 0 0 0 1 0
0 0 1 0 1 0 1 0 0 0 2
0 0 0 1 1 0 0 0 0 1 0
0 0 1 0 1 1 0 0 0 1 1
0 0 0 0 1 1 1 0 0 1 0
0 0 1 0 0 0 0 1 0 1 0
0 0 1 1 0 0 1 0 0 2 0
0 0 2 0 1 0 1 0 0 1 0
0 1 0 0 0 0 0 0 1 1 1
0 0 0 1 0 0 0 0 1 0 0
0 0 0 1 1 1 0 1 0 0 0
0 1 0 0 0 0 0 1 0 0 2
0 0 1 0 0 1 0 0 1 1 0
0 0 0 0 0 0 0 0 0 1 1
0 0 1 0 0 0 0 1 1 0 0
0 0 0 0 0 0 1 0 1 0 1
0 1 0 1 1 0 0 1 1 0 1
0 0 2 0 0 1 0 0 0 1 1
0 0 0 0 0 1 1 1 1 1 1
0 1 0 1 1 0 0 0 1 0 0
0 1 0 0 1 0 1 1 0 0 1
0 0 0 0 0 0 0 1 1 0 0
0 1 0 1 0 0 0 0 0 0 1
0 0 1 1 0 1 1 0 1 0 1
0 0 2 0 1 0 0 0 0 0 1
0 0 0 0 1 1 0 1 0 0 1
0 0 0 0 0 1 2 1 0 0 0
0 1 0 0 0 0 0 1 0 0 0
0 0 0 0 0 0 0 0 1 1 0
0 0 1 1 0 0 2 0 0 0 1
0 2 0 1 0 0 0 0 1 0 1
0 0 0 0 1 0 1 0 1 0 1
0 0 0 0 1 0 1 1 0 1 1
0 0 1 0 0 0 0 0 1 1 0
0 0 0 0 0 1 0 0 0 0 1
0 0 1 1 0 0 0 1 1 1 1
0 0 1 1 0 0 1 0 1 0 1
0 0 0 0 1 1 1 0 1 1 1
0 0 0 1 0 0 0 0 1 0 1
0 0 0 0 0 0 1 0 0 1 0
0 0 0 0 1 0 0 0 0 1 0
0 0 0 0 0 0 0 0 0 0 0
0 1 0 0 0 0 0 0 1 1 1
0 0 0 1 0 1 0 0 0 0 1
0 0 0 1 0 0 0 0 0 0 0
0 0 0 0 0 0 0 0 0 0 0
0 0 0 0 0 0 0 1 2 2 0
0 1 1 0 2 0 0 0 0 1 0
0 0 1 0 0 0 0 0 0 0 0
0 0 0 1 1 0 0 0 1 0 2
0 0 0 0 1 0 1 0 0 2 0
0 0 1 1 0 0 0 0 0 1 0
0 0 1 0 1 0 1 1 0 0 1
0 0 1 0 0 1 0 0 1 0 0
0 0 0 0 1 0 0 1 0 0 2
0 1 1 0 1 0 0 0 1 0 0
0 0 0 0 0 0 0 1 0 1 1
0 0 1 0 0 0 0 1 0 0 1
0 1 0 0 0 1 0 0 0 0 1
0 1 0 1 0 0 1 1 0 1 2
0 1 0 1 1 1 0 1 1 0 1
0 0 0 1 0 2 2 0 0 0 1
0 0 2 1 0 0 1 0 0 0 1
0 0 0 0 0 1 0 0 0 0 1
0 0 1 0 1 1 1 0 1 0 0
0 0 0 0 0 0 1 0 1 0 0
0 0 1 1 0 0 0 2 0 0 1
0 1 1 0 0 1 0 1 0 1 0
0 0 0 0 0 1 0 1 1 0 0
0 1 1 1 2 0 1 0 0 0 2
0 0 1 0 1 0 1 1 0 1 1
0 1 0 1 0 0 1 0 0 0 0
0 0 1 0 0 2 0 0 0 0 1
0 0 1 0 1 0 0 0 1 1 1
0 0 0 0 1 0 0 0 1 0 0
0 0 0 0 0 1 0 0 0 0 1
0 0 1 0 1 1 0 0 1 1 0
0 0 0 1 1 0 1 0 1 1 0
0 0 0 0 0 1 0 1 0 1 1
0 1 0 0 1 1 0 0 0 1 0
0 0 1 0 0 0 2 1 2 0 1
0 0 0 1 0 1 1 1 1 0 0
0 1 1 0 0 0 0 0 1 0 0
0 0 0 0 0 0 0 1 0 1 0
0 0 0 1 0 1 0 0 0 0 1
0 0 1 1 0 0 0 0 0 2 0
0 0 0 0 0 0 0 0 0 0 0
0 0 0 0 0 0 0 0 1 0 1
0 1 0 0 0 1 0 0 0 0 0
0 0 0 0 1 0 0 1 1 0 0
0 0 1 1 0 0 0 0 0 2 0
0 1 0 1 1 0 1 0 0 0 1
0 2 1 0 0 1 0 0 1 1 0
0 0 1 1 1 1 1 1 0 1 1
0 1 0 0 1 0 0 0 1 1 0
0 0 0 0 0 0 0 0 0 0 0
0 1 1 0 0 1 0 0 1 0 0
0 1 0 0 0 0 0 0 0 0 0
0 0 0 0 1 1 0 0 1 0 0
0 1 0 0 0 0 0 0 0 0 0
0 0 1 1 0 1 0 0 1 0 1
0 1 0 1 0 0 0 1 2 0 2
0 0 1 0 1 2 1 0 0 0 1
0 0 0 1 0 0 1 0 0 0 0
0 0 0 0 1 1 0 0 0 0 2
0 0 0 0 0 0 0 0 0 0 0
0 0 1 1 0 0 0 1 0 1 1
0 0 0 0 0 0 0 0 1 1 0
0 0 1 0 0 0 2 1 0 0 2
0 1 1 0 1 0 2 1 0 2 1
0 0 0 1 0 2 2 0 2 0 1
0 0 0 0 0 1 1 0 0 1 1
0 0 2 0 1 1 0 1 1 0 1
0 0 0 1 1 0 0 0 1 1 1
0 0 1 0 0 1 0 0 0 0 1
0 1 0 0 0 0 0 0 0 0 1
0 0 0 0 1 1 1 1 1 0 0
0 0 0 0 0 1 0 0 0 0 1
0 0 0 0 0 0 1 2 0 1 1
0 0 0 0 1 0 0 1 0 0 1
0 1 1 1 0 0 1 1 1 1 0
0 0 1 1 1 0 0 0 1 1 2
0 0 0 2 0 0 0 1 0 1 0
0 0 1 0 0 0 0 0 0 1 1
0 0 0 0 1 1 2 1 0 0 1
0 1 1 1 1 0 1 0 0 0 1
0 1 0 0 0 0 0 1 0 0 2
0 0 0 1 0 0 1 0 0 0 0
0 0 0 1 0 1 0 1 0 1 0
0 0 0 0 0 1 0 1 1 1 0
0 1 0 0 0 0 0 0 1 1 1
0 0 0 1 0 0 0 0 0 0 0
0 0 0 1 0 0 0 1 1 1 0
0 1 0 0 1 0 1 0 0 1 1
0 0 0 0 1 0 2 1 1 0 1
0 1 0 1 0 0 0 1 0 1 2
0 0 0 0 0 1 1 1 1 0 1
0 0 0 0 0 0 0 0 0 0 0
0 0 2 0 0 1 0 0 0 1 0
0 0 0 0 0 0 0 0 0 1 1
0 0 1 0 1 0 0 1 0 0 1
0 0 0 0 0 1 0 1 0 1 0
0 1 1 2 0 0 0 1 2 0 1
0 0 0 0 1 0 2 1 0 0 0
0 0 0 0 1 0 0 1 0 0 0
0 1 1 1 1 0 0 0 1 1 2
0 0 0 0 0 2 1 0 0 1 1
0 1 1 1 0 1 1 0 0 1 0
0 1 0 0 1 0 0 1 0 0 0
0 0 0 1 1 1 0 1 0 0 1
0 0 0 0 0 0 0 0 0 0 0
0 1 1 0 1 1 0 1 2 0 1
0 1 1 1 0 0 1 1 1 1 0
0 1 2 0 1 0 0 0 0 1 1
0 0 1 0 0 1 0 1 1 1 0
0 1 0 0 0 0 1 1 0 0 2
0 0 0 1 0 0 1 0 0 1 2
0 0 0 0 0 0 0 0 0 1 1
0 0 0 1 0 1 1 1 0 0 1
0 0 0 0 0 0 0 0 0 1 0
0 0 1 0 0 0 1 2 1 0 0
0 0 0 0 1 0 1 1 0 1 0
0 0 0 1 0 0 1 1 0 1 0
0 0 1 0 1 0 0 0 1 0 1
0 0 0 1 0 0 0 0 0 0 0
0 1 0 0 1 0 1 1 0 1 0
0 0 0 1 0 0 2 0 2 0 0
0 1 0 0 1 0 0 0 2 1 0
0 0 2 1 1 0 0 0 1 0 1
0 1 0 0 0 1 1 0 2 0 1
0 0 0 1 0 0 0 1 1 1 0
0 0 1 0 0 0 0 1 0 0 2
0 0 1 0 0 0 0 0 0 1 0
0 0 0 0 0 1 0 0 1 0 1
0 1 2 0 0 0 0 0 2 1 0
0 0 0 0 0 0 1 0 0 0 2
0 0 0 0 0 2 0 0 1 1 0
0 0 1 0 0 1 0 0 0 0 0
0 0 0 2 0 0 0 0 1 2 0
0 1 1 0 0 2 0 0 0 1 2
0 1 1 0 0 1 0 1 1 0 1
0 0 0 0 0 0 0 1 0 0 1
0 0 1 0 1 0 0 1 1 1 0
0 0 1 1 0 1 0 0 0 1 0
0 0 1 0 1 0 2 0 0 0 0
0 0 2 0 2 0 1 0 1 0 0
0 0 0 0 1 0 0 1 1 0 0
0 0 0 0 0 0 1 0 1 0 0
0 0 1 0 0 0 1 0 1 0 2
0 0 2 0 0 0 0 0 0 1 0
0 1 1 1 0 0 0 0 0 1 1
0 0 0 1 0 0 0 0 0 1 1
0 0 0 1 0 0 0 0 0 0 2
0 2 0 0 0 0 0 0 0 1 0
0 0 0 0 1 0 0 1 0 0 0
0 0 2 0 0 0 1 0 0 0 1
0 0 1 2 0 0 1 0 0 0 0
0 0 1 0 1 1 1 0 0 0 1
0 0 0 0 0 0 0 0 1 0 1
0 1 1 0 1 0 1 1 0 1 0
0 0 0 1 0 0 1 0 1 1 1
0 1 1 1 0 0 0 1 0 0 1
0 0 1 0 1 0 0 0 0 0 0
0 1 0 0 1 0 0 0 0 1 1
0 1 1 1 0 0 2 0 0 1 0
0 1 1 1 0 0 0 0 0 0 0
0 0 0 0 0 0 1 2 1 1 1
0 1 0 1 0 0 1 0 1 0 1
0 1 0 0 0 0 1 0 1 1 0
0 0 0 1 0 0 1 0 0 1 2
0 0 0 0 1 0 0 2 0 1 1
0 0 0 0 1 0 0 0 1 2 0
0 1 1 0 0 1 1 0 0 1 0
0 0 0 0 0 1 0 0 2 0 0
0 0 0 1 2 0 1 1 1 1 0
0 0 1 0 0 0 0 0 0 0 1
0 0 0 1 0 0 1 0 0 0 1
0 0 0 0 1 0 1 0 0 0 1
0 1 0 1 0 1 0 0 0 0 0
0 0 0 0 1 0 1 1 1 0 0
0 1 1 1 0 0 2 0 1 2 2
0 1 0 1 0 0 0 0 1 0 2
0 1 1 0 2 0 1 2 1 0 1
0 0 0 0 2 0 0 0 1 1 0
0 0 1 0 0 0 0 0 0 0 1
0 0 0 0 1 1 1 0 0 1 2
0 0 0 0 2 1 0 0 0 0 2
0 0 0 1 1 1 1 0 1 0 1
0 0 0 0 0 0 1 0 1 1 2
0 0 1 0 2 0 0 1 1 0 1
0 0 1 0 0 1 0 1 0 0 1
0 0 0 0 0 0 1 1 0 0 0
0 1 0 0 0 0 0 0 0 2 0
0 1 1 1 1 1 1 0 1 0 1
0 1 0 2 0 1 1 0 0 0 1
0 0 0 0 0 0 0 1 1 1 0
0 0 1 0 0 0 0 1 0 1 1
0 0 1 0 0 0 1 0 0 0 0
0 0 1 0 0 0 1 0 0 1 0
0 1 0 0 0 1 1 0 1 0 0
0 0 0 1 0 0 0 0 0 1 0
0 0 2 0 0 0 0 0 0 0 1
0 1 0 0 0 1 1 1 0 1 0
0 1 0 0 1 2 0 0 0 0 1
0 1 0 0 0 0 0 0 0 1 1
0 0 1 0 0 0 0 0 0 0 0
0 0 0 1 0 1 1 0 1 1 1
0 0 0 0 0 1 1 1 1 1 1
0 0 1 1 1 1 0 0 0 1 0
0 0 0 0 0 0 1 0 0 1 0
0 0 0 1 1 1 0 1 0 0 0
0 0 0 0 1 0 1 0 0 0 1
0 0 0 0 0 0 0 0 0 1 1
0 0 0 1 0 0 0 0 0 0 1
0 0 0 0 2 0 0 1 0 0 1
0 0 1 1 2 0 0 1 0 0 1
0 0 0 1 0 2 0 0 0 0 1
0 0 1 0 0 1 1 0 1 0 0
0 0 0 0 1 0 0 2 0 0 0
0 0 1 2 0 0 0 0 0 1 0
0 0 0 1 0 1 0 0 0 0 0
0 0 0 1 1 0 1 0 0 0 0
0 0 1 1 0 0 1 0 0 0 1
0 1 0 0 0 0 1 0 0 1 1
0 0 1 0 0 1 0 0 0 1 0
0 1 1 1 0 2 0 0 0 1 0
0 1 0 0 0 0 1 0 0 0 0
0 1 1 0 0 0 1 0 0 1 0
0 1 1 0 0 1 0 0 0 0 2
0 2 1 1 1 0 0 0 2 0 0
0 2 0 0 0 1 0 0 0 0 1
0 1 2 0 0 1 1 1 0 0 0
0 1 0 1 1 1 0 1 0 0 0
0 0 1 1 0 0 0 0 0 0 0
0 0 0 1 1 0 0 0 2 1 2
0 0 0 1 0 1 1 1 1 1 1
0 0 1 1 0 0 0 0 0 1 1
0 1 0 1 0 1 0 0 1 0 1
0 1 1 1 1 0 0 0 0 0 1
0 0 1 0 0 0 1 1 0 1 0
0 1 0 0 1 0 1 0 1 1 1
0 0 1 1 1 0 1 2 2 0 0
0 0 0 0 0 1 0 0 2 0 0
0 1 0 0 0 0 0 0 0 0 0
0 0 0 0 2 0 0 0 0 0 0
0 1 0 1 0 0 2 0 1 2 0
0 0 0 0 0 1 0 0 0 0 2
0 0 0 1 0 1 1 0 0 2 1
0 1 1 1 2 0 1 1 1 0 1
0 0 1 0 0 1 0 1 0 0 1
0 1 0 0 0 0 0 0 0 0 1
0 0 1 0 0 1 0 2 1 0 0
0 0 0 0 0 0 1 1 1 1 0
0 1 1 2 0 0 0 0 0 0 1
0 1 0 1 0 1 0 0 1 0 0
0 0 0 1 0 1 1 0 0 0 0
0 1 0 0 1 0 1 0 1 0 1
0 0 1 0 0 0 0 1 0 1 0
0 0 0 0 0 0 0 0 1 1 1
0 0 1 0 1 0 0 0 0 1 0
0 0 1 0 0 0 0 1 0 0 0
0 0 0 0 0 1 1 1 0 1 0
0 0 0 1 0 0 1 0 1 0 1
0 1 0 0 0 0 1 0 0 0 0
0 0 0 0 0 0 0 0 0 2 2
0 1 0 0 1 0 0 1 0 0 1
0 0 0 0 0 1 1 1 1 2 1
0 0 0 1 1 0 0 0 0 1 0
0 1 1 0 0 0 0 1 1 0 0
0 1 0 0 0 0 0 0 2 1 2
0 2 1 1 1 0 0 0 0 1 1
0 0 0 0 0 0 0 1 1 0 0
0 1 1 0 0 0 0 1 0 0 0
0 1 1 0 0 0 1 1 0 1 1
0 0 1 0 0 0 1 1 0 0 0
0 0 1 0 1 0 0 1 0 0 1
0 1 0 0 2 0 0 0 1 1 1
0 0 1 1 0 0 1 1 1 0 1
0 1 1 1 1 0 0 0 0 1 0
0 0 0 2 1 0 0 0 1 1 2
0 0 0 1 1 0 0 1 1 2 0
0 0 0 1 1 1 0 1 0 0 0
0 0 1 0 0 0 0 0 2 1 0
0 0 0 1 0 0 0 0 0 0 0
0 0 1 0 0 1 0 0 0 0 0
0 0 0 0 0 0 1 0 1 0 0
0 2 0 0 0 0 0 0 0 1 0
0 0 0 1 1 0 0 0 0 0 0
0 1 0 0 2 0 1 0 0 0 2
0 0 0 0 0 0 0 0 0 0 0
0 0 0 1 0 0 0 0 0 1 1
0 0 0 1 0 0 0 1 1 1 0
0 0 1 0 0 0 1 0 0 1 0
0 0 0 1 1 0 0 1 1 1 0
0 0 0 0 0 1 1 0 0 0 1
0 0 0 0 0 1 1 1 0 1 0
0 0 0 0 2 1 0 0 1 0 2
0 0 1 0 0 0 1 0 1 0 0
0 0 1 0 0 0 0 1 0 0 1
0 0 0 0 0 0 1 0 1 0 0
0 2 1 0 0 1 0 0 0 0 0
0 0 1 0 0 0 1 0 0 0 0
0 0 0 1 1 0 0 0 0 0 0
1 1 0 1 1 1 0 0 0 0 0
1 0 0 0 0 1 1 1 1 1 1
1 0 0 2 0 1 1 0 1 0 1
1 0 0 0 0 1 0 0 1 1 0
1 0 1 1 1 0 0 0 0 0 1
1 1 1 0 0 2 0 0 0 0 1
1 0 0 2 0 1 0 1 0 0 1
1 0 1 0 2 0 1 1 1 1 0
1 0 0 0 0 0 0 0 0 0 0
1 1 0 0 1 1 0 0 0 1 0
1 1 1 1 1 0 0 0 0 0 0
1 0 0 1 0 0 0 0 1 1 1
1 0 0 0 0 0 0 1 0 1 1
1 0 2 0 0 0 0 0 2 0 0
1 1 0 1 0 1 1 0 0 0 1
1 0 1 0 1 1 1 0 0 0 1
1 0 0 1 0 0 1 0 2 1 1
1 1 2 0 0 0 0 1 0 1 1
1 0 0 1 0 0 1 0 0 2 1
1 2 0 1 1 0 2 0 0 0 1
1 0 0 2 0 0 2 1 0 1 1
1 1 0 0 1 1 0 0 1 1 0
1 1 1 0 0 0 0 1 0 0 1
1 1 0 0 1 0 1 0 0 0 2
1 0 0 0 1 1 0 0 0 1 0
1 0 1 0 1 1 2 0 1 0 1
1 0 0 2 1 1 1 1 0 0 0
1 0 1 1 0 0 1 0 1 1 0
1 0 1 1 0 0 0 0 0 0 0
1 1 0 1 0 1 0 0 0 0 0
1 0 1 1 0 0 0 0 0 0 0
1 0 0 1 0 2 0 0 1 0 0
1 0 0 0 1 0 1 1 0 1 0
1 1 0 2 1 1 1 1 2 0 0
1 0 0 0 0 0 0 1 0 0 0
1 1 1 1 0 1 0 1 1 1 0
1 1 0 1 1 0 0 0 1 0 1
1 0 0 0 0 0 0 1 1 1 0
1 0 0 2 0 0 1 0 0 0 1
1 0 0 0 0 0 0 0 0 1 1
1 0 0 0 0 2 0 0 0 0 1
1 0 0 1 1 0 0 1 1 1 1
1 0 1 1 0 0 0 0 0 0 1
1 0 1 1 1 0 0 0 1 1 1
1 0 1 1 1 0 0 0 0 0 0
1 1 0 0 0 1 1 1 0 1 2
1 0 0 1 0 1 1 2 0 0 1
1 0 1 0 0 1 0 2 1 0 0
1 2 1 1 1 0 0 0 0 0 1
1 0 0 1 1 0 1 0 1 0 0
1 0 1 0 1 0 0 0 1 0 0
1 0 0 1 1 1 0 0 1 1 0
1 0 0 1 1 0 1 0 0 1 0
1 0 1 1 1 1 0 1 0 0 0
1 1 1 0 1 0 0 0 0 0 1
1 0 1 1 1 0 2 1 0 1 0
1 0 1 0 0 1 0 0 0 0 0
1 0 0 1 0 1 1 0 0 0 0
1 0 0 1 0 1 0 2 0 0 1
1 0 0 0 0 0 0 0 0 0 1
1 0 0 0 0 0 1 1 0 0 1
1 0 0 0 1 0 1 0 0 0 1
1 0 0 0 2 0 1 0 1 2 0
1 1 0 1 1 1 0 1 0 1 0
1 0 0 0 1 0 0 1 1 0 0
1 0 0 1 0 1 0 0 0 0 0
1 0 1 0 0 1 0 1 0 1 1
1 0 1 1 0 1 0 1 0 0 1
1 0 1 0 0 1 0 0 0 0 0
1 2 1 0 0 1 0 1 0 1 1
1 1 1 0 0 0 1 0 0 0 1
1 0 0 1 1 1 0 0 1 1 1
1 0 1 0 1 0 0 0 0 1 1
1 0 2 0 0 0 0 0 0 1 0
1 0 1 0 0 1 0 1 1 0 1
1 0 0 0 1 0 0 1 0 1 1
1 0 1 0 0 1 0 0 1 1 0
1 0 0 2 0 0 0 1 0 1 0
1 0 1 0 0 0 0 1 0 0 1
1 1 0 0 1 0 1 0 0 0 1
1 0 1 0 0 0 1 1 0 1 1
1 0 0 0 1 0 0 1 2 0 1
1 0 1 0 0 1 0 0 1 1 0
1 0 0 0 1 1 2 1 2 0 1
1 0 2 0 0 0 1 0 0 0 2
1 0 1 1 1 0 1 1 2 1 1
1 0 1 0 0 0 0 0 0 0 2
1 1 1 0 0 0 1 0 1 0 0
1 1 1 0 1 0 0 0 1 0 1
1 0 0 1 0 0 1 1 0 1 0
1 0 0 0 0 0 1 0 0 1 0
1 1 0 0 0 1 0 1 1 1 0
1 2 0 0 0 0 0 1 0 1 1
1 2 0 2 0 0 0 2 1 2 1
1 0 0 0 0 0 1 2 2 0 1
1 0 0 0 1 0 1 1 1 1 0
1 1 0 0 0 0 0 1 1 1 1
1 0 0 1 0 0 1 1 1 0 0
1 0 1 0 1 0 0 0 0 0 1
1 0 0 0 1 0 1 1 0 2 1
1 0 2 1 0 1 1 1 1 1 1
1 0 0 0 1 0 0 0 0 0 0
1 0 0 0 0 0 0 0 1 1 1
1 1 0 0 0 0 0 0 0 1 1
1 0 1 1 0 0 2 0 0 1 0
1 0 1 1 0 0 1 1 1 0 0
1 0 1 0 0 1 0 0 2 1 0
1 0 0 0 1 0 0 0 0 2 0
1 0 0 0 0 0 0 1 0 1 0
1 1 1 1 0 0 0 0 0 1 1
1 0 0 0 0 0 1 0 1 0 1
1 1 0 1 1 1 0 0 2 0 0
1 2 0 1 0 0 0 0 2 0 2
1 0 0 0 0 0 1 0 0 0 0
1 1 0 0 0 1 0 0 0 1 1
1 0 0 0 0 1 0 0 2 0 0
1 0 0 0 1 0 1 0 0 0 0
1 0 1 0 0 0 0 0 0 0 1
1 0 1 0 0 1 1 1 1 0 1
1 0 0 0 1 1 0 1 0 0 1
1 0 0 1 0 0 0 1 0 1 0
1 0 0 0 0 1 2 0 0 1 1
1 0 0 1 0 0 0 0 0 0 0
1 0 0 0 2 0 2 2 0 0 0
1 0 0 1 1 1 1 1 1 0 1
1 1 0 0 2 0 0 1 0 0 0
1 0 0 1 1 0 1 0 0 0 0
1 1 1 0 1 0 0 1 1 1 1
1 1 1 1 0 0 1 0 0 0 0
1 1 0 0 0 0 1 0 0 0 0
1 0 0 0 1 1 1 0 0 0 1
1 0 0 1 0 1 0 0 0 1 0
1 1 0 1 1 1 1 0 0 0 1
1 1 1 0 1 0 0 0 0 1 1
1 1 0 1 1 1 1 0 2 2 0
1 1 0 0 1 1 0 0 1 1 0
1 0 1 0 1 2 0 1 1 1 0
1 0 1 0 0 0 1 1 1 1 0
1 0 0 0 1 1 0 0 0 1 0
1 1 1 0 0 0 1 0 0 1 0
1 0 1 0 1 0 0 1 1 0 1
1 0 2 0 0 0 0 1 1 1 1
1 0 0 2 0 0 1 1 0 0 2
1 0 1 0 1 0 1 0 1 0 2
1 1 0 1 1 1 0 0 0 1 0
1 0 0 0 0 0 0 1 1 1 1
1 1 1 0 0 0 0 2 0 0 1
1 0 0 1 0 0 0 1 0 1 0
1 0 1 2 1 0 0 1 1 0 0
1 1 0 0 1 1 1 1 1 0 1
1 1 1 0 0 2 1 1 0 1 1
1 1 0 0 1 0 0 1 1 0 2
1 1 1 1 1 1 2 0 1 0 0
1 0 0 0 0 0 0 1 0 0 1
1 0 1 2 1 0 0 0 0 0 2
1 1 0 0 0 2 1 1 0 0 1
1 0 0 0 0 0 0 0 0 0 1
1 0 0 1 1 0 1 0 0 0 0
1 0 1 0 2 0 0 2 0 0 2
1 0 0 1 0 0 0 1 0 0 0
1 0 1 1 1 0 1 1 0 1 0
1 0 1 0 0 0 0 1 1 0 0
1 1 0 0 0 0 0 0 1 1 2
1 0 0 1 1 0 1 0 0 0 1
1 0 0 0 1 1 1 1 0 0 1
1 1 1 0 0 0 1 0 0 0 0
1 0 0 2 1 0 1 1 1 0 0
1 0 2 1 0 1 1 0 0 1 0
1 1 1 0 0 0 1 1 1 0 0
1 1 0 0 1 1 1 0 0 1 0
1 0 0 2 0 0 1 0 2 0 1
1 1 0 1 0 0 0 0 1 0 1
1 1 0 2 0 0 2 0 0 0 1
1 0 0 1 1 1 1 0 0 1 1
1 0 0 0 0 0 0 0 0 1 1
1 0 0 0 0 0 0 1 0 1 1
1 0 0 0 0 0 0 1 1 0 0
1 1 0 1 0 1 1 2 0 1 1
1 1 0 1 2 0 0 0 0 0 0
1 1 0 0 2 0 1 0 1 0 0
1 1 0 0 1 2 0 1 0 1 1
1 0 0 0 0 0 0 0 0 0 2
1 0 0 0 0 1 1 0 0 0 1
1 0 0 0 1 0 0 0 0 1 0
1 1 1 2 0 2 2 0 1 1 1
1 0 0 0 1 0 1 0 0 0 1
1 1 1 0 0 0 1 0 1 1 0
1 0 0 1 0 0 0 2 1 1 1
1 1 0 0 0 1 0 0 1 1 1
1 0 0 1 0 0 0 1 1 0 1
1 1 2 0 1 0 0 0 0 1 1
1 0 0 0 0 0 0 1 0 0 1
1 0 1 0 0 1 2 0 0 0 1
1 1 0 1 1 0 0 2 0 0 0
1 1 1 0 1 1 0 0 1 1 0
1 0 0 0 0 0 1 0 1 0 1
1 1 2 1 1 0 0 1 0 0 0
1 1 0 1 1 2 1 1 1 0 0
1 0 0 1 0 0 0 0 0 0 0
1 0 0 0 1 0 1 1 1 1 1
1 2 0 1 0 1 2 1 0 1 0
1 0 2 1 1 0 0 0 0 0 1
1 0 0 0 2 1 0 0 0 1 0
1 1 1 1 0 0 0 0 0 0 0
1 0 1 0 0 0 0 0 0 0 1
1 0 0 1 0 1 2 0 0 0 1
1 0 0 1 0 1 1 0 0 0 1
1 0 1 1 1 0 0 1 0 0 1
1 0 0 1 2 1 1 0 1 0 0
1 0 1 0 1 1 0 0 0 1 1
1 1 1 1 1 1 0 1 1 0 0
1 0 0 0 1 1 1 2 1 0 1
1 1 0 1 1 1 0 0 1 1 1
1 0 0 0 2 1 1 1 1 0 0
1 0 1 2 1 0 0 0 0 0 0
1 0 0 0 0 1 0 0 0 1 2
1 1 0 0 2 1 0 1 0 0 1
1 1 0 1 0 0 0 1 1 2 0
1 0 0 0 2 0 2 0 0 1 1
1 0 1 1 2 0 0 1 0 0 1
1 1 0 0 1 0 1 0 0 1 0
1 1 0 0 1 0 0 1 0 0 0
1 0 0 0 0 1 0 0 0 2 2
1 0 0 1 0 0 0 1 2 1 0
1 0 0 1 0 1 1 1 0 1 1
1 0 0 1 1 0 0 0 1 1 2
1 0 0 1 0 1 1 1 0 1 1
1 0 1 0 1 0 0 0 1 0 0
1 0 0 0 1 0 0 0 0 1 1
1 0 1 0 0 0 1 1 1 1 1
1 0 1 0 0 1 0 1 1 0 2
1 1 0 0 0 0 0 0 0 1 0
1 2 0 0 0 1 0 0 0 0 0
1 0 0 0 0 0 0 1 1 0 0
1 1 1 1 0 0 0 0 2 0 0
1 1 0 2 1 0 2 0 1 1 1
1 1 0 0 0 2 1 0 2 0 1
1 0 1 0 0 1 0 1 0 0 0
1 0 0 1 1 0 1 0 0 1 0
1 2 2 0 0 0 1 1 1 0 0
1 1 0 1 0 1 0 1 0 0 0
1 0 0 0 1 0 1 0 1 0 1
1 1 1 1 0 2 1 1 1 0 1
1 0 0 1 0 1 0 1 2 0 1
1 1 0 1 0 1 0 1 1 0 0
1 0 0 0 0 1 1 0 1 2 1
1 0 0 0 0 0 0 1 2 0 2
1 1 0 0 0 1 1 1 2 1 1
1 0 0 0 0 1 1 1 2 0 0
1 0 1 0 0 0 1 0 1 1 0
1 0 0 1 0 1 1 1 1 0 0
1 0 0 0 0 1 1 1 1 0 0
1 0 1 0 1 1 0 0 1 0 1
1 0 0 0 2 0 0 0 0 0 1
1 0 0 1 0 0 1 0 0 0 0
1 0 0 1 1 0 1 0 0 0 1
1 0 0 0 0 0 2 1 1 1 1
1 0 1 0 1 0 1 1 1 0 1
1 0 0 2 1 0 0 1 0 0 0
1 0 0 0 1 0 0 0 0 1 0
1 0 0 2 0 1 0 2 0 0 2
1 0 0 0 0 0 0 1 1 0 1
1 1 0 0 0 2 0 0 0 0 1
1 1 2 2 0 1 0 1 1 0 0
1 0 1 0 1 0 0 0 0 0 0
1 0 1 1 1 0 0 0 1 0 0
1 2 1 0 0 0 0 0 0 0 0
1 0 1 0 0 1 0 0 1 1 0
1 0 0 0 0 1 1 1 0 2 1
1 0 0 0 1 0 1 0 0 0 2
1 1 1 1 1 0 0 0 0 1 0
1 0 1 0 0 0 1 1 2 1 1
1 0 0 0 0 1 0 1 0 0 0
1 1 0 0 2 0 1 1 1 0 0
1 2 0 1 0 0 0 0 0 1 0
1 0 1 1 1 0 0 0 1 1 0
1 0 0 1 0 1 0 0 0 0 0
1 1 0 0 0 0 0 0 2 2 0
1 0 1 2 0 0 0 1 0 1 0
1 0 0 0 1 0 1 0 1 0 0
1 1 0 1 0 0 0 0 2 1 0
1 0 0 0 1 0 0 0 0 1 1
1 0 1 0 0 0 0 1 2 1 1
1 0 0 0 0 0 0 0 0 1 0
1 1 1 1 0 2 0 0 1 0 1
1 0 1 1 0 1 1 0 0 2 0
1 0 1 0 0 0 1 0 0 1 1
1 0 0 1 1 1 0 1 0 1 0
1 0 1 1 1 0 0 1 0 1 1
1 1 0 0 1 0 0 0 2 0 2
1 0 1 1 0 1 1 1 0 1 0
1 0 0 1 0 1 1 0 0 1 2
1 2 0 0 1 0 1 0 1 1 0
1 2 1 0 1 0 1 1 1 0 0
1 1 1 1 1 0 0 0 0 1 0
1 0 1 1 0 1 1 0 0 0 0
1 0 0 0 1 0 0 0 0 1 1
1 0 0 0 1 0 0 0 1 0 2
1 0 1 0 0 0 0 0 1 1 0
1 0 0 0 0 0 0 0 1 2 0
1 0 0 0 1 1 0 0 1 2 1
1 0 1 0 2 1 0 2 0 0 1
1 0 0 0 1 1 1 0 1 1 1
1 1 0 0 2 1 0 0 1 0 1
1 0 0 1 1 1 1 0 2 1 0
1 0 1 0 1 0 0 0 1 1 0
1 1 0 1 1 0 0 0 1 0 1
1 0 2 1 1 0 0 0 0 0 0
1 2 1 2 0 0 0 0 0 1 0
1 0 1 0 0 1 1 1 1 0 1
1 0 1 2 1 0 1 0 2 1 0
1 1 0 0 1 2 0 1 1 1 0
1 0 1 0 0 0 0 0 0 0 2
1 0 0 0 0 1 0 0 1 2 1
1 0 1 0 0 0 0 1 0 0 0
1 0 0 1 0 0 1 0 0 0 1
1 1 1 0 1 1 0 0 1 0 0
1 0 1 0 1 1 0 0 1 0 0
1 0 1 2 0 0 0 0 0 0 1
1 0 0 1 1 0 0 1 0 0 1
1 1 0 1 1 0 2 0 0 1 1
1 1 0 0 1 0 0 1 1 0 2
1 1 0 0 0 1 1 1 0 1 0
1 0 0 1 1 0 0 0 0 2 1
1 0 1 0 1 0 0 0 1 0 1
1 0 1 1 1 1 0 1 0 1 1
1 0 0 0 1 1 0 0 1 1 0
1 1 0 0 2 1 1 1 1 0 2
1 0 0 1 0 0 0 2 0 0 1
1 1 1 0 0 1 1 1 0 0 2
1 1 2 2 1 0 1 1 1 1 1
1 0 2 0 1 1 0 1 1 1 0
1 0 0 0 0 0 1 0 0 1 0
1 0 0 1 1 0 0 2 1 1 0
1 0 1 0 1 0 0 0 1 1 0
1 0 1 0 1 0 1 0 1 0 1
1 2 0 1 0 1 0 0 1 1 1
1 0 0 0 1 0 1 0 0 1 1
1 1 2 0 1 0 1 0 0 0 1
1 0 1 0 1 0 1 0 2 1 0
1 1 0 0 0 1 0 0 1 1 0
1 0 0 0 1 0 0 0 0 1 0
1 0 2 1 1 1 0 1 1 1 0
1 1 1 0 0 1 1 0 0 1 1
1 0 1 1 0 0 0 1 0 0 2
1 0 1 0 1 0 2 2 0 0 0
1 0 0 1 0 0 0 1 2 0 2
1 0 1 0 0 0 1 1 0 0 2
1 1 0 0 1 0 1 2 0 1 2
1 2 0 2 0 1 1 2 1 0 0
1 1 0 1 1 0 0 0 0 1 0
1 0 1 0 1 0 1 1 0 0 1
1 0 1 0 0 1 1 0 1 1 1
1 0 0 1 1 2 1 0 0 1 0
1 0 0 0 0 0 0 0 1 1 2
1 0 0 0 1 1 0 0 0 0 1
1 0 0 0 0 0 0 0 0 0 0
1 0 0 0 0 1 1 0 0 1 0
1 0 0 1 0 1 0 0 1 1 0
1 0 1 0 0 1 0 0 0 1 1
1 0 0 0 1 0 1 1 0 1 0
1 0 0 0 0 1 0 2 1 0 1
1 0 1 0 1 1 0 0 1 0 1
1 0 0 0 0 0 1 1 0 1 0
1 1 0 0 1 0 0 0 0 0 0
1 0 0 1 0 1 1 0 1 0 1
1 0 0 0 0 2 0 0 0 1 0
1 0 0 0 0 0 0 1 0 0 1
1 0 0 0 1 0 0 0 0 0 1
1 1 0 0 1 1 2 0 0 0 0
1 0 0 0 1 0 0 0 0 1 0
1 0 0 1 1 0 0 1 0 0 1
1 1 1 2 0 1 0 0 1 0 0
1 0 1 0 0 0 1 0 2 0 0
1 1 1 0 1 0 1 0 0 0 1
1 0 1 1 0 1 1 0 0 0 1
1 1 1 1 0 2 0 0 0 0 0
1 0 0 0 0 1 1 1 1 0 1
1 0 1 0 0 0 0 0 1 0 0
1 0 2 2 1 0 0 0 1 2 0
1 0 0 0 2 0 1 0 1 1 1
1 1 1 1 0 2 1 0 1 0 0
1 0 0 1 2 0 0 0 0 2 1
1 0 0 0 2 0 0 0 0 0 0
1 0 0 0 1 0 0 0 1 2 1
1 1 1 1 1 1 0 0 1 0 1
1 0 0 0 0 0 0 1 0 1 0
1 1 1 1 2 0 1 0 0 0 1
1 0 0 0 1 0 1 0 0 0 0
1 0 0 0 0 0 0 0 1 0 0
1 0 0 0 0 1 1 0 0 0 1
1 1 0 0 1 0 1 0 1 0 0
1 0 0 1 1 1 0 1 0 1 2
1 0 1 0 0 1 0 1 1 0 1
1 0 0 1 0 0 1 0 1 1 0
1 1 0 0 0 1 0 1 1 1 1
1 0 1 1 0 0 2 0 0 0 0
1 1 0 0 0 1 0 0 1 0 0
1 2 0 0 0 0 2 1 1 0 1
1 0 0 0 0 0 0 2 0 1 0
1 1 1 1 0 0 0 0 1 0 0
1 1 0 0 1 1 1 0 0 1 1
1 0 0 0 0 0 1 1 0 1 1
1 1 0 0 0 0 0 0 2 0 0
1 0 0 1 0 0 1 2 0 2 1
1 0 0 0 1 0 1 0 0 1 0
1 1 0 1 1 1 1 1 0 1 0
1 0 0 1 1 1 0 2 1 0 0
1 0 0 0 1 0 0 0 0 0 0
1 0 1 2 1 0 0 0 0 1 0
1 1 0 1 0 1 0 1 1 1 0
1 1 0 0 0 1 0 0 0 1 1
1 0 0 0 0 0 0 0 1 0 1
1 0 0 0 1 1 0 0 0 0 0
1 1 0 0 0 0 2 1 1 0 0
1 0 1 0 0 1 1 1 1 1 0
1 0 0 1 0 0 0 0 1 0 0
1 1 1 1 0 1 0 1 0 0 2
1 1 0 2 1 0 0 0 1 1 0
1 0 1 0 1 1 1 0 1 0 1
1 0 0 0 1 0 2 2 1 0 0
1 0 0 0 0 1 1 1 0 1 2
1 0 1 0 0 0 0 1 1 1 1
1 0 0 0 0 0 0 1 1 0 0
1 1 0 0 0 1 1 0 1 1 0
1 1 1 0 0 0 0 0 0 0 0
1 0 0 1 0 0 1 0 0 1 0
1 1 0 1 1 0 0 1 1 1 1
1 0 0 0 0 1 1 0 0 1 1
1 2 1 0 0 1 1 1 0 1 0
1 0 0 0 0 2 1 1 1 1 0
1 0 0 1 1 0 0 0 0 1 2
1 0 0 0 0 1 0 1 1 0 1
1 0 0 0 0 0 1 1 1 0 2
1 0 0 0 1 1 0 0 1 0 1
1 0 0 0 1 0 0 1 0 1 2
1 0 0 0 0 1 1 1 2 0 2
1 0 0 0 0 0 0 1 0 0 1
1 0 0 0 0 1 0 0 0 0 0
1 0 1 1 0 0 0 0 1 0 0
1 1 0 1 0 0 1 0 1 0 0
1 1 0 0 1 1 1 0 1 0 0
1 0 0 0 0 1 0 0 1 0 1
1 0 0 0 1 0 0 0 1 1 0
1 0 0 0 1 0 0 1 0 1 0
1 0 1 0 1 0 0 1 1 1 0
1 0 0 0 0 0 0 2 0 0 0
1 0 1 0 1 0 0 0 0 0 1
1 0 0 0 0 0 1 0 0 1 0
1 1 0 0 1 0 0 0 1 2 1
1 1 0 0 0 2 0 1 1 0 0
1 0 1 1 0 1 0 0 0 0 0
1 0 0 0 0 0 0 0 0 1 0
1 0 0 0 1 0 0 1 1 1 1
1 0 0 1 0 0 0 0 0 1 2
1 1 1 2 0 2 0 0 0 1 0
1 0 1 1 0 0 0 1 1 0 2
1 0 0 1 0 1 0 1 1 1 1
1 1 0 0 0 1 0 1 0 1 2
1 0 0 0 0 0 0 1 0 0 0
1 1 0 0 1 2 1 0 0 0 0
1 1 2 2 0 1 1 0 0 0 0
1 0 1 0 0 0 0 0 1 1 2
1 0 1 0 0 0 1 1 1 0 0
1 0 0 0 1 1 0 0 0 0 1
1 1 0 0 1 1 1 1 0 0 0
1 0 1 0 1 0 0 1 0 0 1
1 1 0 2 0 1 0 2 1 1 0
1 0 0 1 1 0 0 0 0 0 0
1 0 0 0 0 1 1 0 0 0 0
1 1 0 1 1 0 1 2 0 0 0
1 0 0 1 1 0 1 0 1 0 1
1 1 0 0 0 0 1 0 0 0 0
1 1 0 1 0 0 0 1 2 0 1
1 0 0 0 1 2 1 1 1 1 0
1 0 2 0 0 0 2 1 1 0 0
1 0 1 2 0 2 0 0 0 1 1
1 0 0 1 1 0 0 1 1 0 0
1 1 0 0 1 0 0 0 0 0 1
1 0 0 0 1 0 2 0 2 0 0
1 0 0 1 1 0 1 0 0 2 1
1 2 0 0 0 0 1 1 1 0 1
1 1 0 1 1 0 0 1 0 0 0
1 1 0 2 1 0 1 0 1 1 0
1 0 1 0 1 0 1 0 1 0 1
1 2 0 1 0 1 1 1 1 0 1
1 1 0 0 0 1 0 1 2 0 0
1 2 1 0 0 0 1 1 2 0 1
1 0 0 0 0 0 1 0 0 1 0
1 0 1 0 0 1 2 0 1 1 0
1 1 1 0 0 1 1 1 1 0 1
1 0 1 0 1 1 0 0 0 2 0
1 0 0 1 0 0 0 0 1 1 0
1 2 1 1 0 0 0 0 0 0 1
1 0 0 1 1 0 1 0 1 0 0
1 0 0 1 0 1 0 0 1 1 2
1 0 0 1 1 1 1 0 1 0 1
1 0 0 0 1 0 0 0 0 1 1
1 0 1 0 0 0 0 0 0 1 0
1 0 0 0 0 0 2 1 0 0 1
1 0 1 1 1 1 0 0 0 0 1
1 0 1 1 0 0 0 0 1 1 0
1 1 1 0 0 0 0 0 0 0 1
1 1 1 0 0 0 1 1 0 0 1
1 0 1 1 0 0 0 0 1 1 0
1 0 0 0 1 0 1 1 1 0 1
1 0 0 0 1 1 0 0 0 0 1
1 1 0 0 2 0 1 0 0 0 0
1 1 1 1 0 1 0 0 2 1 1
1 0 0 0 1 0 1 0 0 0 1
1 0 1 2 1 1 1 0 1 0 0
1 1 0 0 0 1 0 0 0 1 0
1 0 0 1 1 0 1 0 2 0 0
1 1 1 0 0 0 0 1 0 0 0
1 1 0 0 1 0 0 1 0 1 1
1 0 0 0 0 0 1 0 0 1 0
1 1 0 0 1 0 1 1 1 0 0
1 1 0 0 0 1 0 0 0 2 1
1 1 1 0 0 2 1 1 1 0 0
1 0 1 1 1 0 0 1 0 1 1
1 1 0 0 0 0 0 0 1 0 1
1 0 0 0 1 1 1 0 0 0 0
1 1 0 1 0 1 0 1 0 0 2
1 0 0 1 0 0 0 1 1 0 0
1 0 0 0 0 0 0 0 0 1 0
1 1 1 0 0 1 1 0 0 0 0
1 0 1 1 0 1 1 1 0 1 2
1 0 0 0 0 0 1 0 0 1 0
1 0 0 1 0 0 2 0 0 1 0
1 0 0 0 0 1 0 0 0 1 1
1 1 0 1 0 1 0 1 0 0 1
1 0 1 0 1 0 0 1 0 1 1
1 0 0 1 1 0 0 0 0 1 0
1 0 0 0 1 0 0 1 1 0 0
1 0 0 1 0 1 0 0 1 0 2
1 1 0 1 0 0 1 1 1 0 1
1 0 0 0 0 1 0 0 0 1 0
1 0 2 1 1 0 0 0 2 0 0
1 1 0 0 0 0 0 1 1 0 1
1 0 0 1 0 0 1 0 1 0 0
1 0 2 1 0 0 1 0 1 1 2
1 0 1 0 0 1 2 0 0 1 0
1 0 0 0 0 1 1 1 0 1 0
1 0 0 0 1 0 1 0 1 0 0
1 0 0 1 1 0 1 0 1 1 2
1 1 0 1 0 0 0 0 0 0 1
1 1 0 0 1 0 0 2 2 1 1
1 1 0 0 0 0 0 1 0 1 0
1 0 1 0 0 0 0 1 0 0 1
1 0 0 2 0 0 1 1 0 1 1
1 0 0 0 0 0 1 1 1 0 1
1 0 1 0 0 0 1 1 1 1 1
1 1 0 0 0 0 0 0 1 0 1
1 0 1 0 0 1 1 0 0 0 0
1 1 1 0 0 0 0 1 0 0 0
1 1 2 0 1 0 1 1 0 0 1
1 0 0 1 0 0 1 0 0 1 0
1 0 1 0 0 1 0 1 2 1 1
1 1 0 0 1 1 1 0 1 0 0
1 1 0 1 1 1 1 0 0 1 0
1 0 1 0 0 0 1 0 0 0 1
1 1 0 0 0 0 0 0 0 1 1
1 1 1 1 1 0 0 1 0 1 0
1 1 1 1 0 1 1 0 1 1 1
1 0 1 0 0 0 0 0 0 1 0
1 0 0 1 1 0 1 1 0 1 1
1 0 0 1 1 0 1 0 0 1 1
1 0 0 0 0 0 2 0 0 1 0
1 0 0 0 1 0 1 0 0 0 2
1 1 0 0 0 1 1 2 1 0 1
1 0 1 0 0 0 0 0 0 0 1
1 0 0 1 1 0 1 1 0 0 0
1 0 0 0 0 0 0 0 1 0 2
1 0 2 0 1 0 0 0 0 0 0
1 1 0 0 0 0 0 0 0 1 0
1 1 0 0 1 0 0 1 1 1 1
1 0 2 0 0 0 0 1 1 0 1
1 0 1 1 1 0 1 0 1 0 0
1 0 0 0 0 1 0 0 1 0 1
1 0 1 1 1 1 0 0 0 1 0
1 0 1 0 0 1 2 0 0 0 0
1 0 0 1 0 0 1 1 0 1 0
1 0 1 0 0 0 0 0 1 1 0
1 0 0 1 1 0 0 0 0 1 0
1 0 2 1 1 0 0 0 1 0 0
1 0 0 1 0 0 1 0 0 1 1
1 0 1 1 1 1 0 0 0 0 1
1 1 0 0 0 1 0 2 0 0 2
1 0 1 0 0 0 1 2 1 0 0
1 0 1 0 1 0 1 0 0 0 0
1 0 0 1 0 0 0 1 1 0 1
1 1 0 0 1 0 1 0 0 0 0
1 0 1 0 0 0 0 0 1 1 0
1 0 0 1 0 0 1 1 1 1 0
1 0 0 0 1 1 1 0 0 1 0
1 0 0 1 0 0 0 0 0 0 0
1 1 1 1 0 0 0 0 0 1 2
1 0 0 0 1 1 0 0 1 1 0
1 0 0 0 1 0 1 0 1 1 1
1 2 1 1 1 0 2 1 0 0 1
1 0 1 1 0 1 0 0 1 1 1
1 1 0 0 0 0 1 0 0 0 2
1 0 0 1 0 1 1 0 0 1 0
1 0 1 0 1 1 0 1 1 0 0
1 0 1 0 0 1 2 1 1 1 2
1 0 2 1 0 0 0 1 0 0 1
1 1 0 0 0 1 1 1 1 1 1
1 0 0 0 0 0 0 1 1 1 1
1 0 1 0 0 0 1 0 0 1 1
1 0 1 0 1 1 0 1 0 0 0
1 1 0 0 2 0 1 1 0 1 2
1 0 0 1 1 0 0 0 0 1 0
1 1 0 0 1 0 0 0 1 1 2
1 1 0 1 2 1 0 0 0 0 0
1 0 0 0 0 0 1 0 0 1 0
1 1 0 1 0 1 0 0 2 1 1
1 0 1 1 1 0 0 0 0 1 1
1 0 1 1 1 0 0 1 0 0 2
1 0 0 0 0 1 1 1 0 0 0
1 0 0 1 0 0 0 0 0 2 1
1 0 0 0 2 1 0 1 0 1 2
1 1 1 1 1 0 0 2 1 0 1
1 1 0 1 0 0 0 1 0 1 0
1 0 0 0 1 0 0 1 1 0 0
1 0 0 0 0 0 1 1 2 0 1
1 1 0 0 1 1 0 0 2 2 1
1 0 1 1 0 0 1 0 1 1 0
1 0 1 0 0 1 0 1 0 1 1
1 0 0 0 0 0 0 0 0 1 1
1 0 1 1 0 0 0 0 1 0 1
1 1 0 2 2 0 1 0 0 1 0
1 0 1 0 0 0 0 0 1 1 0
1 1 1 1 0 0 1 1 0 1 0
1 0 0 0 0 0 1 0 1 0 1
1 0 0 0 0 0 1 1 0 0 0
1 0 0 0 0 0 1 1 1 0 0
1 1 1 2 0 1 0 0 0 0 0
1 1 0 0 1 0 1 1 0 1 0
1 0 0 0 0 0 1 1 1 0 0
1 0 2 0 0 1 0 1 1 0 0
1 0 1 0 0 0 0 1 0 2 0
1 1 0 0 1 0 2 1 0 0 0
1 0 1 0 1 1 0 0 0 1 0
1 1 1 0 0 1 0 0 1 0 2
1 0 1 1 0 0 0 2 1 0 0
1 0 0 1 1 0 0 0 2 1 2
1 1 1 1 0 0 0 0 0 0 1
1 0 0 0 0 0 0 0 0 0 0
1 0 2 0 1 1 1 0 0 0 0
1 0 0 0 0 1 0 0 1 0 0
1 0 0 0 0 1 0 1 1 1 0
1 0 1 0 0 0 0 0 0 0 0
1 0 2 0 0 0 1 1 0 1 0
1 0 2 0 1 1 0 1 1 2 0
1 1 1 1 1 0 0 0 0 0 0
1 1 0 1 0 0 0 0 0 0 1
1 0 1 0 0 0 0 1 0 0 0
1 0 1 1 0 1 0 2 1 0 1
1 0 1 1 2 0 2 0 0 0 0
1 2 1 0 0 0 1 0 1 1 1
1 1 0 1 1 1 1 0 0 0 1
1 0 0 0 0 0 2 1 1 0 1
1 0 0 0 0 0 0 0 0 0 0
1 0 0 0 0 1 0 0 0 0 0
1 0 1 1 1 0 0 0 1 0 0
1 1 1 2 1 0 0 0 0 1 1
1 0 1 1 0 1 0 0 0 1 0
1 0 0 0 1 2 1 1 1 1 1
1 0 1 1 1 0 0 1 0 0 1
1 0 0 1 1 0 0 1 1 0 2
1 0 1 0 0 0 0 1 0 0 1
1 1 1 1 0 0 0 0 0 0 1
1 1 0 0 0 1 1 0 1 0 1
1 0 2 1 1 1 1 0 0 1 0
1 0 0 1 0 1 0 0 1 0 1
1 0 1 0 0 0 0 1 0 1 0
1 0 0 1 1 1 0 1 1 0 1
1 1 0 1 2 0 0 0 0 1 0
1 1 0 0 0 1 0 1 0 1 1
1 1 1 1 1 0 0 1 0 0 0
1 0 1 1 0 1 1 0 0 0 0
1 0 1 1 1 1 0 1 0 2 0
1 0 1 0 0 0 1 2 0 2 1
1 0 0 0 1 1 0 1 1 2 0
1 0 0 0 1 1 1 1 0 1 0
1 2 0 0 0 0 1 1 0 1 0
1 0 1 0 0 1 0 1 1 1 1
1 0 0 1 0 0 1 1 0 0 0
1 1 2 1 1 0 1 1 0 1 1
1 0 0 0 0 0 0 1 0 1 0
1 1 0 0 1 0 2 0 0 0 0
1 0 0 0 1 0 1 1 0 0 0
1 1 1 1 1 0 0 0 0 1 0
1 0 0 1 0 1 2 0 1 1 0
1 0 0 0 0 0 0 0 0 0 2
1 1 1 1 0 0 0 0 0 1 1
1 0 0 1 1 0 0 0 0 1 0
1 0 0 0 0 1 0 1 0 0 0
1 0 1 0 0 0 0 1 0 0 1
1 0 0 0 0 0 0 1 1 1 0
1 0 0 1 0 0 0 1 0 0 1
1 1 1 0 0 0 1 0 2 1 1
1 0 2 0 1 0 0 0 0 0 0
1 0 0 1 0 0 0 0 0 1 1
1 0 0 0 1 0 0 0 1 1 0
1 0 0 0 1 0 1 0 1 1 0
1 1 0 0 2 0 1 0 2 1 0
1 0 1 0 1 0 0 0 0 0 1
1 0 0 0 0 1 1 0 0 1 1
1 0 0 2 2 0 0 2 1 2 0
1 1 0 1 1 1 0 0 0 0 0
1 2 0 1 0 0 0 0 1 0 0
1 0 0 0 1 1 0 1 0 1 0
1 0 0 0 0 0 1 2 1 0 1
1 0 1 1 0 0 0 1 1 1 1
1 0 0 0 0 1 0 0 0 1 0
1 0 0 0 0 1 0 1 0 0 0
1 1 0 0 0 1 1 0 0 0 1
1 1 0 0 1 1 1 0 1 1 0
1 0 1 0 0 0 0 0 1 0 0
1 1 0 1 0 0 1 0 1 1 0
1 0 0 0 0 1 1 1 0 1 2
1 1 0 0 1 1 1 0 0 2 1
1 0 1 1 1 1 0 1 1 0 0
1 0 1 1 0 2 0 0 0 0 1
1 0 0 0 0 0 0 0 0 1 1
1 0 1 0 0 0 0 0 1 2 0
1 1 0 0 0 0 0 1 0 0 1
1 0 0 0 0 0 0 2 0 0 0
1 1 0 0 0 0 1 1 0 1 1
1 0 0 1 0 1 1 0 0 0 1
1 0 0 0 1 0 0 0 0 0 0
1 0 0 0 1 1 1 0 1 0 0
1 1 1 1 0 0 0 2 0 0 1
1 0 0 1 1 0 1 1 1 1 1
1 0 0 0 0 0 1 0 1 0 0
1 0 0 1 1 0 1 1 0 0 1
1 0 0 0 0 0 1 1 1 0 0
1 0 2 0 2 2 0 1 2 1 1
1 0 0 0 0 1 0 1 0 1 0
1 0 0 0 0 0 1 1 1 2 1
1 0 1 1 0 0 1 0 1 1 2
1 2 2 0 1 0 0 0 1 0 0
1 1 0 0 0 0 1 0 0 0 0
1 1 0 1 1 0 0 0 0 1 1
1 2 0 0 0 1 0 1 0 2 1
1 0 1 1 0 0 0 0 1 1 1
1 0 0 1 1 1 0 0 0 0 1
1 1 0 1 1 0 0 1 1 1 2
1 1 0 0 0 0 0 0 0 0 2
1 0 1 0 1 0 1 0 0 1 0
1 0 0 1 1 0 0 0 0 1 0
1 0 0 1 0 0 2 1 1 0 0
1 0 0 0 1 0 0 1 0 0 0
1 0 0 0 0 0 1 0 1 0 0
1 0 1 0 0 1 0 1 0 0 1
1 0 0 0 0 0 0 0 2 1 0
1 0 0 0 0 0 0 1 1 0 0
1 1 0 2 0 1 0 0 0 0 1
1 1 0 1 0 1 0 0 0 0 1
1 0 0 0 0 1 0 0 0 0 1
1 2 0 0 0 0 1 1 0 2 0
1 0 0 1 0 0 0 0 0 0 1
1 0 0 1 1 1 1 0 0 1 1
1 0 1 2 1 1 1 1 0 2 0
1 1 1 0 0 0 1 1 0 0 0
1 0 0 0 1 0 0 0 1 1 0
1 0 0 0 1 0 0 2 0 0 1
1 1 0 0 1 1 1 0 2 1 0
1 0 1 0 1 2 0 0 0 0 1
1 0 0 1 0 0 0 0 0 0 2
1 0 0 0 0 0 0 0 0 1 1
1 0 0 1 2 0 1 0 1 1 0
1 0 1 1 1 0 0 1 1 0 1
1 1 0 1 0 0 0 0 1 0 1
1 0 1 1 0 0 0 2 0 2 1
1 0 2 0 1 1 0 0 0 0 2
1 1 0 1 1 1 0 1 0 1 1
1 0 0 2 1 0 0 0 0 1 0
1 1 0 1 1 0 0 0 0 1 1
1 0 1 0 1 0 0 0 1 1 1
1 1 1 0 1 0 1 1 1 0 1
1 1 0 0 0 1 0 0 1 0 0
1 1 1 0 0 0 0 2 0 0 1
1 0 2 0 0 0 0 1 0 1 1
1 0 1 0 0 0 0 0 0 1 0
1 1 0 1 0 0 1 0 1 0 0
1 0 1 0 1 0 0 0 0 0 0
1 0 1 0 0 1 0 0 1 0 0
1 0 0 0 0 0 1 0 0 1 0
1 0 1 0 1 0 0 0 0 0 0
1 0 1 0 1 0 1 0 0 1 0
1 1 0 1 0 1 0 1 0 0 1
1 0 0 0 1 0 1 0 1 0 1
1 0 0 0 1 0 0 1 1 0 1
1 0 0 0 0 1 0 0 0 1 2
1 1 0 0 0 0 2 0 0 1 0
1 1 0 1 0 0 1 1 1 1 0
1 0 0 0 1 1 0 0 1 1 1
1 0 1 0 1 1 0 0 0 1 1
1 0 0 1 0 0 1 0 0 0 0
1 0 0 1 0 1 1 0 0 0 0
1 1 0 0 1 0 0 1 0 1 0
1 0 1 1 0 0 0 0 1 1 2
1 0 0 0 0 0 0 0 1 1 0
1 1 1 0 1 0 1 1 0 0 0
1 0 2 0 0 1 1 0 2 0 0
1 0 0 0 0 0 0 0 0 0 1
1 1 0 0 0 1 2 0 0 2 0
1 0 0 0 1 0 0 0 0 0 2
1 0 1 0 0 0 0 1 0 0 0
1 1 0 1 1 0 0 1 0 0 0
1 2 2 0 1 1 0 0 0 0 0
1 0 1 0 0 2 1 0 1 0 0
1 0 1 1 2 0 0 2 0 0 1
1 0 0 0 0 0 1 2 1 0 0
1 0 0 0 1 1 1 0 1 0 2
1 1 1 1 1 1 1 0 1 1 0
1 1 0 0 0 0 0 1 1 0 1
1 0 0 0 0 2 0 0 0 1 2
1 1 1 2 0 0 0 0 0 0 0
1 1 0 1 1 0 0 0 0 1 0
1 0 1 1 0 0 0 1 1 1 1
1 0 0 0 0 0 1 0 1 0 1
1 1 1 2 0 0 0 0 0 2 2
1 0 1 1 0 0 0 0 1 0 0
1 0 1 0 0 0 0 0 1 0 0
1 0 0 0 1 0 0 0 0 0 0
1 0 1 0 0 0 0 1 0 1 1
1 0 0 0 1 0 0 2 0 1 1
1 1 0 0 0 0 0 0 1 1 0
1 1 0 1 0 0 1 1 1 0 1
1 0 0 1 0 0 0 0 0 1 0
1 0 0 0 1 1 0 0 0 0 1
1 0 2 1 0 0 0 0 0 1 0
1 0 0 1 0 0 1 0 0 0 0
1 0 0 0 0 0 0 0 0 1 1
1 0 0 0 0 1 1 0 1 0 0
1 1 0 1 1 1 0 0 0 1 0
1 1 0 0 0 1 0 1 0 0 0
1 0 1 0 1 0 0 0 0 1 1
1 0 0 1 0 0 1 0 0 0 0
1 0 2 0 1 0 1 1 0 1 1
1 0 0 0 0 0 0 0 0 1 2
1 0 1 1 1 0 0 0 0 1 1
1 0 0 0 0 0 1 0 0 1 0
1 1 2 0 1 0 1 1 0 0 0
1 0 1 2 0 0 0 0 0 1 2
1 1 0 0 0 0 0 0 1 1 1
1 1 0 2 0 0 0 0 0 0 0
1 0 0 1 0 0 0 0 0 0 0
1 0 0 0 1 0 1 0 0 0 0
1 0 0 0 0 0 0 0 0 0 0
1 0 0 0 0 0 0 2 2 1 0
1 0 0 1 0 0 1 0 0 0 1
1 1 0 0 1 1 0 1 0 1 1
1 0 1 1 0 0 0 0 1 0 0
1 0 0 1 1 0 0 1 1 1 0
1 0 0 2 0 0 2 1 0 0 1
1 0 1 0 0 0 0 0 1 1 1
1 0 0 0 1 0 0 0 1 0 0
1 1 1 1 1 0 0 0 0 2 0
1 0 0 0 0 1 1 0 1 0 1
1 1 0 0 0 0 0 0 0 0 1
1 0 1 0 1 1 1 1 0 1 2
1 1 0 1 0 0 0 0 0 0 1
1 1 1 1 0 2 0 0 0 0 1
1 0 1 1 0 0 1 0 1 0 0
1 1 0 0 0 1 2 2 0 1 0
1 1 0 0 0 1 1 0 0 1 1
1 0 0 0 1 1 0 1 1 1 1
1 0 1 0 0 0 1 0 0 1 1
1 0 1 1 1 0 0 0 2 1 0
1 1 1 1 1 0 2 1 0 0 2
1 1 0 0 0 1 0 1 1 0 0
1 0 1 0 1 0 0 1 0 1 1
1 0 1 0 1 1 0 0 0 1 0
1 1 1 1 0 1 0 0 1 1 1
1 0 1 0 1 0 0 1 0 1 1
1 0 1 1 0 0 2 0 0 2 0
1 0 0 1 2 1 0 1 1 1 0
1 1 1 1 0 0 0 0 0 0 0
1 0 0 0 1 0 1 0 1 0 0
1 0 0 1 1 1 0 1 0 0 1
1 0 0 0 2 1 0 0 1 0 1
1 0 0 0 0 0 0 1 1 1 1
1 0 1 1 1 1 0 1 1 1 0
1 0 0 1 1 0 0 0 0 1 0
1 0 0 0 0 0 0 1 1 1 1
1 0 0 1 0 0 2 0 1 2 0
1 0 1 2 0 0 0 0 0 0 1
1 0 1 0 0 1 1 1 0 2 1
1 0 0 1 0 1 1 0 0 0 0
1 0 0 1 0 1 0 0 2 0 0
1 1 1 0 1 0 0 0 1 0 2
1 0 1 0 0 1 0 0 1 0 0
1 1 2 0 0 2 1 1 1 0 1
1 0 0 1 2 0 1 0 0 1 1
1 0 0 0 2 0 0 1 0 0 1
1 0 0 0 1 1 0 0 1 0 1
1 1 1 1 0 0 1 1 0 0 0
1 0 0 0 0 0 0 0 1 1 1
1 1 2 0 0 0 0 0 1 0 1
1 0 1 0 0 1 1 0 0 0 2
1 0 0 1 1 0 0 0 0 1 1
1 0 1 1 1 0 0 0 1 0 0
1 1 0 1 0 0 2 1 1 0 2
1 2 1 0 1 0 0 1 0 1 0
1 1 1 0 1 1 1 0 1 1 0
1 0 0 1 0 1 0 0 2 1 0
1 0 1 0 0 1 0 0 1 0 0
1 0 0 0 1 0 1 1 0 1 0
1 0 0 1 0 0 1 1 1 0 1
1 0 0 1 0 0 0 1 0 0 1
1 1 1 0 0 0 0 0 0 1 1
1 0 1 0 0 0 0 0 1 1 1
1 1 0 1 0 0 0 2 0 0 0
1 0 1 0 0 0 2 1 1 0 0
1 1 0 1 1 0 1 0 0 2 0
1 0 1 1 0 0 0 1 0 1 1
1 0 1 0 0 0 1 0 1 1 1
1 0 1 0 0 0 2 0 0 1 0
1 0 0 0 1 1 0 0 0 0 0
1 0 0 0 0 0 2 1 1 0 0
1 0 1 0 1 0 0 0 1 0 0
1 2 0 0 0 0 0 0 0 2 1
1 0 0 0 0 1 1 0 1 1 1
1 2 0 0 0 0 0 1 0 1 1
1 0 0 1 0 0 2 0 0 1 1
1 0 0 0 1 0 0 0 1 0 0
1 0 1 2 0 0 1 0 0 1 0
1 0 0 0 0 0 0 0 0 0 0
1 0 0 0 1 1 0 0 0 0 0
1 0 0 1 0 2 0 0 1 0 1
1 0 0 0 1 0 0 0 0 1 0
1 1 0 0 2 0 0 2 1 0 0
1 1 0 0 1 0 1 1 2 0 0
1 0 0 2 0 0 0 1 0 0 0
1 0 0 0 1 2 1 0 0 1 0
1 0 1 0 0 0 1 0 0 1 1
1 1 2 1 0 1 1 1 1 0 2
1 0 1 1 2 1 2 0 2 1 0
1 0 0 1 0 0 1 0 1 0 1
1 1 0 0 1 0 1 0 0 1 0
1 0 1 0 0 0 1 0 1 1 1
1 0 1 0 0 0 1 1 0 1 0
1 1 1 0 0 0 0 0 0 0 1
1 0 1 0 1 0 1 1 1 1 0
1 0 0 2 0 1 0 0 0 1 1
1 1 1 0 0 0 1 0 2 0 0
1 0 0 0 2 0 1 0 1 0 0
1 1 0 2 0 1 1 0 0 0 0
1 1 0 1 0 0 1 0 1 0 2
1 0 0 0 1 1 0 1 0 0 1
1 0 0 1 1 0 0 1 1 2 1
1 0 0 1 1 1 0 0 1 0 1
1 0 0 0 0 0 1 0 1 1 1
1 1 0 0 0 0 1 2 0 0 0
1 0 0 1 0 1 0 0 0 0 0
1 1 0 1 1 0 0 0 1 0 0
1 1 0 1 0 1 0 1 1 1 1
1 1 1 0 1 0 0 0 2 0 1
1 1 0 0 1 0 1 1 0 0 0
1 1 1 0 0 0 0 0 0 0 1
1 0 1 0 0 0 1 0 0 2 0
1 0 0 0 0 1 1 1 0 2 0
1 1 1 2 0 0 1 2 0 0 0
1 0 0 0 0 0 0 2 0 2 0
1 0 1 1 1 0 1 0 1 1 0
1 0 0 1 0 0 0 1 0 1 1
1 0 1 0 1 0 1 0 0 0 0
1 1 0 0 1 0 1 0 1 0 0
1 0 1 1 0 0 1 1 1 0 0
1 1 0 1 0 0 0 1 0 0 0
1 1 1 1 1 0 0 0 1 0 1
1 0 0 1 0 0 1 0 1 0 2
1 0 1 1 0 1 1 0 0 0 0
1 0 0 0 0 1 0 1 0 1 1
1 1 0 1 1 1 2 0 0 0 1
1 0 0 1 1 0 0 0 0 0 1
1 0 0 0 1 1 1 1 0 0 0
1 1 2 0 1 0 2 0 1 1 1
1 1 0 0 0 0 1 1 0 2 1
1 0 0 1 1 0 1 1 0 0 2
1 0 1 1 1 0 0 1 0 0 0
1 0 0 0 0 1 0 1 0 0 0
1 1 1 1 0 0 1 0 2 0 0
1 0 0 1 0 0 0 2 0 0 1
1 0 0 0 0 1 1 2 0 0 0
1 2 0 0 0 0 1 0 0 0 1
1 1 0 0 1 1 1 0 1 1 1
1 0 0 1 0 1 0 0 1 0 0
1 1 0 0 0 1 0 0 0 1 0
1 1 1 0 0 1 1 0 1 1 1
1 0 1 0 1 0 0 0 1 0 1
1 2 0 0 1 0 0 1 1 0 1
1 0 0 0 1 0 0 0 0 1 0
1 1 0 0 0 0 0 1 0 0 1
1 0 0 0 0 0 0 2 0 0 0
1 2 0 0 1 1 1 0 0 1 0
